
 LIST ALL SELECTED NODES.   DSYS=      a

   NODE        X           Y           Z         THXY    THYZ    THZX
        1    20.000      0.0000      15.000        0.00    0.00    0.00
        2    19.829      2.6105      15.000        0.00    0.00    0.00
        3    19.318      5.1764      15.000        0.00    0.00    0.00
        4    18.478      7.6537      15.000        0.00    0.00    0.00
        5    17.320      10.000      15.000        0.00    0.00    0.00
        6    15.867      12.175      15.000        0.00    0.00    0.00
        7    14.142      14.142      15.000        0.00    0.00    0.00
        8    12.175      15.867      15.000        0.00    0.00    0.00
        9    10.000      17.320      15.000        0.00    0.00    0.00
       10    7.6537      18.478      15.000        0.00    0.00    0.00
       11    5.1764      19.318      15.000        0.00    0.00    0.00
       12    2.6105      19.829      15.000        0.00    0.00    0.00
       13    0.0000      20.000      15.000        0.00    0.00    0.00
       14   -2.6105      19.829      15.000        0.00    0.00    0.00
       15   -5.1764      19.318      15.000        0.00    0.00    0.00
       16   -7.6537      18.478      15.000        0.00    0.00    0.00
       17   -10.000      17.320      15.000        0.00    0.00    0.00
       18   -12.175      15.867      15.000        0.00    0.00    0.00
       19   -14.142      14.142      15.000        0.00    0.00    0.00
       20   -15.867      12.175      15.000        0.00    0.00    0.00

   NODE        X           Y           Z         THXY    THYZ    THZX
       21   -17.320      10.000      15.000        0.00    0.00    0.00
       22   -18.478      7.6537      15.000        0.00    0.00    0.00
       23   -19.318      5.1764      15.000        0.00    0.00    0.00
       24   -19.829      2.6105      15.000        0.00    0.00    0.00
       25   -20.000      0.0000      15.000        0.00    0.00    0.00
       26   -19.829     -2.6105      15.000        0.00    0.00    0.00
       27   -19.318     -5.1764      15.000        0.00    0.00    0.00
       28   -18.478     -7.6537      15.000        0.00    0.00    0.00
       29   -17.320     -10.000      15.000        0.00    0.00    0.00
       30   -15.867     -12.175      15.000        0.00    0.00    0.00
       31   -14.142     -14.142      15.000        0.00    0.00    0.00
       32   -12.175     -15.867      15.000        0.00    0.00    0.00
       33   -10.000     -17.320      15.000        0.00    0.00    0.00
       34   -7.6537     -18.478      15.000        0.00    0.00    0.00
       35   -5.1764     -19.318      15.000        0.00    0.00    0.00
       36   -2.6105     -19.829      15.000        0.00    0.00    0.00
       37    0.0000     -20.000      15.000        0.00    0.00    0.00
       38    2.6105     -19.829      15.000        0.00    0.00    0.00
       39    5.1764     -19.318      15.000        0.00    0.00    0.00
       40    7.6537     -18.478      15.000        0.00    0.00    0.00

   NODE        X           Y           Z         THXY    THYZ    THZX
       41    10.000     -17.320      15.000        0.00    0.00    0.00
       42    12.175     -15.867      15.000        0.00    0.00    0.00
       43    14.142     -14.142      15.000        0.00    0.00    0.00
       44    15.867     -12.175      15.000        0.00    0.00    0.00
       45    17.320     -10.000      15.000        0.00    0.00    0.00
       46    18.478     -7.6537      15.000        0.00    0.00    0.00
       47    19.318     -5.1764      15.000        0.00    0.00    0.00
       48    19.829     -2.6105      15.000        0.00    0.00    0.00
       49    18.131      0.0000      17.212        0.00    0.00    0.00
       50    17.976      2.3666      17.212        0.00    0.00    0.00
       51    17.513      4.6926      17.212        0.00    0.00    0.00
       52    16.751      6.9384      17.212        0.00    0.00    0.00
       53    15.702      9.0655      17.212        0.00    0.00    0.00
       54    14.384      11.037      17.212        0.00    0.00    0.00
       55    12.821      12.821      17.212        0.00    0.00    0.00
       56    11.037      14.384      17.212        0.00    0.00    0.00
       57    9.0655      15.702      17.212        0.00    0.00    0.00
       58    6.9384      16.751      17.212        0.00    0.00    0.00
       59    4.6926      17.513      17.212        0.00    0.00    0.00
       60    2.3666      17.976      17.212        0.00    0.00    0.00

   NODE        X           Y           Z         THXY    THYZ    THZX
       61    0.0000      18.131      17.212        0.00    0.00    0.00
       62   -2.3666      17.976      17.212        0.00    0.00    0.00
       63   -4.6926      17.513      17.212        0.00    0.00    0.00
       64   -6.9384      16.751      17.212        0.00    0.00    0.00
       65   -9.0655      15.702      17.212        0.00    0.00    0.00
       66   -11.037      14.384      17.212        0.00    0.00    0.00
       67   -12.821      12.821      17.212        0.00    0.00    0.00
       68   -14.384      11.037      17.212        0.00    0.00    0.00
       69   -15.702      9.0655      17.212        0.00    0.00    0.00
       70   -16.751      6.9384      17.212        0.00    0.00    0.00
       71   -17.513      4.6926      17.212        0.00    0.00    0.00
       72   -17.976      2.3666      17.212        0.00    0.00    0.00
       73   -18.131      0.0000      17.212        0.00    0.00    0.00
       74   -17.976     -2.3666      17.212        0.00    0.00    0.00
       75   -17.513     -4.6926      17.212        0.00    0.00    0.00
       76   -16.751     -6.9384      17.212        0.00    0.00    0.00
       77   -15.702     -9.0655      17.212        0.00    0.00    0.00
       78   -14.384     -11.037      17.212        0.00    0.00    0.00
       79   -12.821     -12.821      17.212        0.00    0.00    0.00
       80   -11.037     -14.384      17.212        0.00    0.00    0.00

   NODE        X           Y           Z         THXY    THYZ    THZX
       81   -9.0655     -15.702      17.212        0.00    0.00    0.00
       82   -6.9384     -16.751      17.212        0.00    0.00    0.00
       83   -4.6926     -17.513      17.212        0.00    0.00    0.00
       84   -2.3666     -17.976      17.212        0.00    0.00    0.00
       85    0.0000     -18.131      17.212        0.00    0.00    0.00
       86    2.3666     -17.976      17.212        0.00    0.00    0.00
       87    4.6926     -17.513      17.212        0.00    0.00    0.00
       88    6.9384     -16.751      17.212        0.00    0.00    0.00
       89    9.0655     -15.702      17.212        0.00    0.00    0.00
       90    11.037     -14.384      17.212        0.00    0.00    0.00
       91    12.821     -12.821      17.212        0.00    0.00    0.00
       92    14.384     -11.037      17.212        0.00    0.00    0.00
       93    15.702     -9.0655      17.212        0.00    0.00    0.00
       94    16.751     -6.9384      17.212        0.00    0.00    0.00
       95    17.513     -4.6926      17.212        0.00    0.00    0.00
       96    17.976     -2.3666      17.212        0.00    0.00    0.00
       97    16.019      0.0000      19.194        0.00    0.00    0.00
       98    15.882      2.0909      19.194        0.00    0.00    0.00
       99    15.473      4.1459      19.194        0.00    0.00    0.00
      100    14.799      6.1301      19.194        0.00    0.00    0.00

   NODE        X           Y           Z         THXY    THYZ    THZX
      101    13.873      8.0093      19.194        0.00    0.00    0.00
      102    12.708      9.7515      19.194        0.00    0.00    0.00
      103    11.327      11.327      19.194        0.00    0.00    0.00
      104    9.7515      12.708      19.194        0.00    0.00    0.00
      105    8.0093      13.873      19.194        0.00    0.00    0.00
      106    6.1301      14.799      19.194        0.00    0.00    0.00
      107    4.1459      15.473      19.194        0.00    0.00    0.00
      108    2.0909      15.882      19.194        0.00    0.00    0.00
      109    0.0000      16.019      19.194        0.00    0.00    0.00
      110   -2.0909      15.882      19.194        0.00    0.00    0.00
      111   -4.1459      15.473      19.194        0.00    0.00    0.00
      112   -6.1301      14.799      19.194        0.00    0.00    0.00
      113   -8.0093      13.873      19.194        0.00    0.00    0.00
      114   -9.7515      12.708      19.194        0.00    0.00    0.00
      115   -11.327      11.327      19.194        0.00    0.00    0.00
      116   -12.708      9.7515      19.194        0.00    0.00    0.00
      117   -13.873      8.0093      19.194        0.00    0.00    0.00
      118   -14.799      6.1301      19.194        0.00    0.00    0.00
      119   -15.473      4.1459      19.194        0.00    0.00    0.00
      120   -15.882      2.0909      19.194        0.00    0.00    0.00

   NODE        X           Y           Z         THXY    THYZ    THZX
      121   -16.019      0.0000      19.194        0.00    0.00    0.00
      122   -15.882     -2.0909      19.194        0.00    0.00    0.00
      123   -15.473     -4.1459      19.194        0.00    0.00    0.00
      124   -14.799     -6.1301      19.194        0.00    0.00    0.00
      125   -13.873     -8.0093      19.194        0.00    0.00    0.00
      126   -12.708     -9.7515      19.194        0.00    0.00    0.00
      127   -11.327     -11.327      19.194        0.00    0.00    0.00
      128   -9.7515     -12.708      19.194        0.00    0.00    0.00
      129   -8.0093     -13.873      19.194        0.00    0.00    0.00
      130   -6.1301     -14.799      19.194        0.00    0.00    0.00
      131   -4.1459     -15.473      19.194        0.00    0.00    0.00
      132   -2.0909     -15.882      19.194        0.00    0.00    0.00
      133    0.0000     -16.019      19.194        0.00    0.00    0.00
      134    2.0909     -15.882      19.194        0.00    0.00    0.00
      135    4.1459     -15.473      19.194        0.00    0.00    0.00
      136    6.1301     -14.799      19.194        0.00    0.00    0.00
      137    8.0093     -13.873      19.194        0.00    0.00    0.00
      138    9.7515     -12.708      19.194        0.00    0.00    0.00
      139    11.327     -11.327      19.194        0.00    0.00    0.00
      140    12.708     -9.7515      19.194        0.00    0.00    0.00

   NODE        X           Y           Z         THXY    THYZ    THZX
      141    13.873     -8.0093      19.194        0.00    0.00    0.00
      142    14.799     -6.1301      19.194        0.00    0.00    0.00
      143    15.473     -4.1459      19.194        0.00    0.00    0.00
      144    15.882     -2.0909      19.194        0.00    0.00    0.00
      145    13.691      0.0000      20.918        0.00    0.00    0.00
      146    13.574      1.7871      20.918        0.00    0.00    0.00
      147    13.225      3.5436      20.918        0.00    0.00    0.00
      148    12.649      5.2395      20.918        0.00    0.00    0.00
      149    11.857      6.8457      20.918        0.00    0.00    0.00
      150    10.862      8.3348      20.918        0.00    0.00    0.00
      151    9.6813      9.6813      20.918        0.00    0.00    0.00
      152    8.3348      10.862      20.918        0.00    0.00    0.00
      153    6.8457      11.857      20.918        0.00    0.00    0.00
      154    5.2395      12.649      20.918        0.00    0.00    0.00
      155    3.5436      13.225      20.918        0.00    0.00    0.00
      156    1.7871      13.574      20.918        0.00    0.00    0.00
      157    0.0000      13.691      20.918        0.00    0.00    0.00
      158   -1.7871      13.574      20.918        0.00    0.00    0.00
      159   -3.5436      13.225      20.918        0.00    0.00    0.00
      160   -5.2395      12.649      20.918        0.00    0.00    0.00

   NODE        X           Y           Z         THXY    THYZ    THZX
      161   -6.8457      11.857      20.918        0.00    0.00    0.00
      162   -8.3348      10.862      20.918        0.00    0.00    0.00
      163   -9.6813      9.6813      20.918        0.00    0.00    0.00
      164   -10.862      8.3348      20.918        0.00    0.00    0.00
      165   -11.857      6.8457      20.918        0.00    0.00    0.00
      166   -12.649      5.2395      20.918        0.00    0.00    0.00
      167   -13.225      3.5436      20.918        0.00    0.00    0.00
      168   -13.574      1.7871      20.918        0.00    0.00    0.00
      169   -13.691      0.0000      20.918        0.00    0.00    0.00
      170   -13.574     -1.7871      20.918        0.00    0.00    0.00
      171   -13.225     -3.5436      20.918        0.00    0.00    0.00
      172   -12.649     -5.2395      20.918        0.00    0.00    0.00
      173   -11.857     -6.8457      20.918        0.00    0.00    0.00
      174   -10.862     -8.3348      20.918        0.00    0.00    0.00
      175   -9.6813     -9.6813      20.918        0.00    0.00    0.00
      176   -8.3348     -10.862      20.918        0.00    0.00    0.00
      177   -6.8457     -11.857      20.918        0.00    0.00    0.00
      178   -5.2395     -12.649      20.918        0.00    0.00    0.00
      179   -3.5436     -13.225      20.918        0.00    0.00    0.00
      180   -1.7871     -13.574      20.918        0.00    0.00    0.00

   NODE        X           Y           Z         THXY    THYZ    THZX
      181    0.0000     -13.691      20.918        0.00    0.00    0.00
      182    1.7871     -13.574      20.918        0.00    0.00    0.00
      183    3.5436     -13.225      20.918        0.00    0.00    0.00
      184    5.2395     -12.649      20.918        0.00    0.00    0.00
      185    6.8457     -11.857      20.918        0.00    0.00    0.00
      186    8.3348     -10.862      20.918        0.00    0.00    0.00
      187    9.6813     -9.6813      20.918        0.00    0.00    0.00
      188    10.862     -8.3348      20.918        0.00    0.00    0.00
      189    11.857     -6.8457      20.918        0.00    0.00    0.00
      190    12.649     -5.2395      20.918        0.00    0.00    0.00
      191    13.225     -3.5436      20.918        0.00    0.00    0.00
      192    13.574     -1.7871      20.918        0.00    0.00    0.00
      193    11.180      0.0000      22.361        0.00    0.00    0.00
      194    11.085      1.4593      22.361        0.00    0.00    0.00
      195    10.799      2.8937      22.361        0.00    0.00    0.00
      196    10.329      4.2785      22.361        0.00    0.00    0.00
      197    9.6824      5.5902      22.361        0.00    0.00    0.00
      198    8.8699      6.8061      22.361        0.00    0.00    0.00
      199    7.9057      7.9057      22.361        0.00    0.00    0.00
      200    6.8061      8.8699      22.361        0.00    0.00    0.00

   NODE        X           Y           Z         THXY    THYZ    THZX
      201    5.5902      9.6824      22.361        0.00    0.00    0.00
      202    4.2785      10.329      22.361        0.00    0.00    0.00
      203    2.8937      10.799      22.361        0.00    0.00    0.00
      204    1.4593      11.085      22.361        0.00    0.00    0.00
      205    0.0000      11.180      22.361        0.00    0.00    0.00
      206   -1.4593      11.085      22.361        0.00    0.00    0.00
      207   -2.8937      10.799      22.361        0.00    0.00    0.00
      208   -4.2785      10.329      22.361        0.00    0.00    0.00
      209   -5.5902      9.6824      22.361        0.00    0.00    0.00
      210   -6.8061      8.8699      22.361        0.00    0.00    0.00
      211   -7.9057      7.9057      22.361        0.00    0.00    0.00
      212   -8.8699      6.8061      22.361        0.00    0.00    0.00
      213   -9.6824      5.5902      22.361        0.00    0.00    0.00
      214   -10.329      4.2785      22.361        0.00    0.00    0.00
      215   -10.799      2.8937      22.361        0.00    0.00    0.00
      216   -11.085      1.4593      22.361        0.00    0.00    0.00
      217   -11.180      0.0000      22.361        0.00    0.00    0.00
      218   -11.085     -1.4593      22.361        0.00    0.00    0.00
      219   -10.799     -2.8937      22.361        0.00    0.00    0.00
      220   -10.329     -4.2785      22.361        0.00    0.00    0.00

   NODE        X           Y           Z         THXY    THYZ    THZX
      221   -9.6824     -5.5902      22.361        0.00    0.00    0.00
      222   -8.8699     -6.8061      22.361        0.00    0.00    0.00
      223   -7.9057     -7.9057      22.361        0.00    0.00    0.00
      224   -6.8061     -8.8699      22.361        0.00    0.00    0.00
      225   -5.5902     -9.6824      22.361        0.00    0.00    0.00
      226   -4.2785     -10.329      22.361        0.00    0.00    0.00
      227   -2.8937     -10.799      22.361        0.00    0.00    0.00
      228   -1.4593     -11.085      22.361        0.00    0.00    0.00
      229    0.0000     -11.180      22.361        0.00    0.00    0.00
      230    1.4593     -11.085      22.361        0.00    0.00    0.00
      231    2.8937     -10.799      22.361        0.00    0.00    0.00
      232    4.2785     -10.329      22.361        0.00    0.00    0.00
      233    5.5902     -9.6824      22.361        0.00    0.00    0.00
      234    6.8061     -8.8699      22.361        0.00    0.00    0.00
      235    7.9057     -7.9057      22.361        0.00    0.00    0.00
      236    8.8699     -6.8061      22.361        0.00    0.00    0.00
      237    9.6824     -5.5902      22.361        0.00    0.00    0.00
      238    10.329     -4.2785      22.361        0.00    0.00    0.00
      239    10.799     -2.8937      22.361        0.00    0.00    0.00
      240    11.085     -1.4593      22.361        0.00    0.00    0.00

   NODE        X           Y           Z         THXY    THYZ    THZX
      241    8.5192      0.0000      23.504        0.00    0.00    0.00
      242    8.4463      1.1120      23.504        0.00    0.00    0.00
      243    8.2289      2.2049      23.504        0.00    0.00    0.00
      244    7.8707      3.2602      23.504        0.00    0.00    0.00
      245    7.3779      4.2596      23.504        0.00    0.00    0.00
      246    6.7588      5.1862      23.504        0.00    0.00    0.00
      247    6.0240      6.0240      23.504        0.00    0.00    0.00
      248    5.1862      6.7588      23.504        0.00    0.00    0.00
      249    4.2596      7.3779      23.504        0.00    0.00    0.00
      250    3.2602      7.8707      23.504        0.00    0.00    0.00
      251    2.2049      8.2289      23.504        0.00    0.00    0.00
      252    1.1120      8.4463      23.504        0.00    0.00    0.00
      253    0.0000      8.5192      23.504        0.00    0.00    0.00
      254   -1.1120      8.4463      23.504        0.00    0.00    0.00
      255   -2.2049      8.2289      23.504        0.00    0.00    0.00
      256   -3.2602      7.8707      23.504        0.00    0.00    0.00
      257   -4.2596      7.3779      23.504        0.00    0.00    0.00
      258   -5.1862      6.7588      23.504        0.00    0.00    0.00
      259   -6.0240      6.0240      23.504        0.00    0.00    0.00
      260   -6.7588      5.1862      23.504        0.00    0.00    0.00

   NODE        X           Y           Z         THXY    THYZ    THZX
      261   -7.3779      4.2596      23.504        0.00    0.00    0.00
      262   -7.8707      3.2602      23.504        0.00    0.00    0.00
      263   -8.2289      2.2049      23.504        0.00    0.00    0.00
      264   -8.4463      1.1120      23.504        0.00    0.00    0.00
      265   -8.5192      0.0000      23.504        0.00    0.00    0.00
      266   -8.4463     -1.1120      23.504        0.00    0.00    0.00
      267   -8.2289     -2.2049      23.504        0.00    0.00    0.00
      268   -7.8707     -3.2602      23.504        0.00    0.00    0.00
      269   -7.3779     -4.2596      23.504        0.00    0.00    0.00
      270   -6.7588     -5.1862      23.504        0.00    0.00    0.00
      271   -6.0240     -6.0240      23.504        0.00    0.00    0.00
      272   -5.1862     -6.7588      23.504        0.00    0.00    0.00
      273   -4.2596     -7.3779      23.504        0.00    0.00    0.00
      274   -3.2602     -7.8707      23.504        0.00    0.00    0.00
      275   -2.2049     -8.2289      23.504        0.00    0.00    0.00
      276   -1.1120     -8.4463      23.504        0.00    0.00    0.00
      277    0.0000     -8.5192      23.504        0.00    0.00    0.00
      278    1.1120     -8.4463      23.504        0.00    0.00    0.00
      279    2.2049     -8.2289      23.504        0.00    0.00    0.00
      280    3.2602     -7.8707      23.504        0.00    0.00    0.00

   NODE        X           Y           Z         THXY    THYZ    THZX
      281    4.2596     -7.3779      23.504        0.00    0.00    0.00
      282    5.1862     -6.7588      23.504        0.00    0.00    0.00
      283    6.0240     -6.0240      23.504        0.00    0.00    0.00
      284    6.7588     -5.1862      23.504        0.00    0.00    0.00
      285    7.3779     -4.2596      23.504        0.00    0.00    0.00
      286    7.8707     -3.2602      23.504        0.00    0.00    0.00
      287    8.2289     -2.2049      23.504        0.00    0.00    0.00
      288    8.4463     -1.1120      23.504        0.00    0.00    0.00
      289    5.7438      0.0000      24.331        0.00    0.00    0.00
      290    5.6947     0.74972      24.331        0.00    0.00    0.00
      291    5.5481      1.4866      24.331        0.00    0.00    0.00
      292    5.3066      2.1981      24.331        0.00    0.00    0.00
      293    4.9743      2.8719      24.331        0.00    0.00    0.00
      294    4.5569      3.4966      24.331        0.00    0.00    0.00
      295    4.0615      4.0615      24.331        0.00    0.00    0.00
      296    3.4966      4.5569      24.331        0.00    0.00    0.00
      297    2.8719      4.9743      24.331        0.00    0.00    0.00
      298    2.1981      5.3066      24.331        0.00    0.00    0.00
      299    1.4866      5.5481      24.331        0.00    0.00    0.00
      300   0.74972      5.6947      24.331        0.00    0.00    0.00

   NODE        X           Y           Z         THXY    THYZ    THZX
      301    0.0000      5.7438      24.331        0.00    0.00    0.00
      302  -0.74972      5.6947      24.331        0.00    0.00    0.00
      303   -1.4866      5.5481      24.331        0.00    0.00    0.00
      304   -2.1981      5.3066      24.331        0.00    0.00    0.00
      305   -2.8719      4.9743      24.331        0.00    0.00    0.00
      306   -3.4966      4.5569      24.331        0.00    0.00    0.00
      307   -4.0615      4.0615      24.331        0.00    0.00    0.00
      308   -4.5569      3.4966      24.331        0.00    0.00    0.00
      309   -4.9743      2.8719      24.331        0.00    0.00    0.00
      310   -5.3066      2.1981      24.331        0.00    0.00    0.00
      311   -5.5481      1.4866      24.331        0.00    0.00    0.00
      312   -5.6947     0.74972      24.331        0.00    0.00    0.00
      313   -5.7438      0.0000      24.331        0.00    0.00    0.00
      314   -5.6947    -0.74972      24.331        0.00    0.00    0.00
      315   -5.5481     -1.4866      24.331        0.00    0.00    0.00
      316   -5.3066     -2.1981      24.331        0.00    0.00    0.00
      317   -4.9743     -2.8719      24.331        0.00    0.00    0.00
      318   -4.5569     -3.4966      24.331        0.00    0.00    0.00
      319   -4.0615     -4.0615      24.331        0.00    0.00    0.00
      320   -3.4966     -4.5569      24.331        0.00    0.00    0.00

   NODE        X           Y           Z         THXY    THYZ    THZX
      321   -2.8719     -4.9743      24.331        0.00    0.00    0.00
      322   -2.1981     -5.3066      24.331        0.00    0.00    0.00
      323   -1.4866     -5.5481      24.331        0.00    0.00    0.00
      324  -0.74972     -5.6947      24.331        0.00    0.00    0.00
      325    0.0000     -5.7438      24.331        0.00    0.00    0.00
      326   0.74972     -5.6947      24.331        0.00    0.00    0.00
      327    1.4866     -5.5481      24.331        0.00    0.00    0.00
      328    2.1981     -5.3066      24.331        0.00    0.00    0.00
      329    2.8719     -4.9743      24.331        0.00    0.00    0.00
      330    3.4966     -4.5569      24.331        0.00    0.00    0.00
      331    4.0615     -4.0615      24.331        0.00    0.00    0.00
      332    4.5569     -3.4966      24.331        0.00    0.00    0.00
      333    4.9743     -2.8719      24.331        0.00    0.00    0.00
      334    5.3066     -2.1981      24.331        0.00    0.00    0.00
      335    5.5481     -1.4866      24.331        0.00    0.00    0.00
      336    5.6947    -0.74972      24.331        0.00    0.00    0.00
      337    2.8913      0.0000      24.832        0.00    0.00    0.00
      338    2.8666     0.37739      24.832        0.00    0.00    0.00
      339    2.7928     0.74833      24.832        0.00    0.00    0.00
      340    2.6712      1.1065      24.832        0.00    0.00    0.00

   NODE        X           Y           Z         THXY    THYZ    THZX
      341    2.5039      1.4457      24.832        0.00    0.00    0.00
      342    2.2938      1.7601      24.832        0.00    0.00    0.00
      343    2.0445      2.0445      24.832        0.00    0.00    0.00
      344    1.7601      2.2938      24.832        0.00    0.00    0.00
      345    1.4457      2.5039      24.832        0.00    0.00    0.00
      346    1.1065      2.6712      24.832        0.00    0.00    0.00
      347   0.74833      2.7928      24.832        0.00    0.00    0.00
      348   0.37739      2.8666      24.832        0.00    0.00    0.00
      349    0.0000      2.8913      24.832        0.00    0.00    0.00
      350  -0.37739      2.8666      24.832        0.00    0.00    0.00
      351  -0.74833      2.7928      24.832        0.00    0.00    0.00
      352   -1.1065      2.6712      24.832        0.00    0.00    0.00
      353   -1.4457      2.5039      24.832        0.00    0.00    0.00
      354   -1.7601      2.2938      24.832        0.00    0.00    0.00
      355   -2.0445      2.0445      24.832        0.00    0.00    0.00
      356   -2.2938      1.7601      24.832        0.00    0.00    0.00
      357   -2.5039      1.4457      24.832        0.00    0.00    0.00
      358   -2.6712      1.1065      24.832        0.00    0.00    0.00
      359   -2.7928     0.74833      24.832        0.00    0.00    0.00
      360   -2.8666     0.37739      24.832        0.00    0.00    0.00

   NODE        X           Y           Z         THXY    THYZ    THZX
      361   -2.8913      0.0000      24.832        0.00    0.00    0.00
      362   -2.8666    -0.37739      24.832        0.00    0.00    0.00
      363   -2.7928    -0.74833      24.832        0.00    0.00    0.00
      364   -2.6712     -1.1065      24.832        0.00    0.00    0.00
      365   -2.5039     -1.4457      24.832        0.00    0.00    0.00
      366   -2.2938     -1.7601      24.832        0.00    0.00    0.00
      367   -2.0445     -2.0445      24.832        0.00    0.00    0.00
      368   -1.7601     -2.2938      24.832        0.00    0.00    0.00
      369   -1.4457     -2.5039      24.832        0.00    0.00    0.00
      370   -1.1065     -2.6712      24.832        0.00    0.00    0.00
      371  -0.74833     -2.7928      24.832        0.00    0.00    0.00
      372  -0.37739     -2.8666      24.832        0.00    0.00    0.00
      373    0.0000     -2.8913      24.832        0.00    0.00    0.00
      374   0.37739     -2.8666      24.832        0.00    0.00    0.00
      375   0.74833     -2.7928      24.832        0.00    0.00    0.00
      376    1.1065     -2.6712      24.832        0.00    0.00    0.00
      377    1.4457     -2.5039      24.832        0.00    0.00    0.00
      378    1.7601     -2.2938      24.832        0.00    0.00    0.00
      379    2.0445     -2.0445      24.832        0.00    0.00    0.00
      380    2.2938     -1.7601      24.832        0.00    0.00    0.00

   NODE        X           Y           Z         THXY    THYZ    THZX
      381    2.5039     -1.4457      24.832        0.00    0.00    0.00
      382    2.6712     -1.1065      24.832        0.00    0.00    0.00
      383    2.7928    -0.74833      24.832        0.00    0.00    0.00
      384    2.8666    -0.37739      24.832        0.00    0.00    0.00
      385    19.200      0.0000      14.400        0.00    0.00    0.00
      386    19.036      2.5061      14.400        0.00    0.00    0.00
      387    18.546      4.9693      14.400        0.00    0.00    0.00
      388    17.738      7.3475      14.400        0.00    0.00    0.00
      389    16.628      9.6000      14.400        0.00    0.00    0.00
      390    15.232      11.688      14.400        0.00    0.00    0.00
      391    13.576      13.576      14.400        0.00    0.00    0.00
      392    11.688      15.232      14.400        0.00    0.00    0.00
      393    9.6000      16.628      14.400        0.00    0.00    0.00
      394    7.3475      17.738      14.400        0.00    0.00    0.00
      395    4.9693      18.546      14.400        0.00    0.00    0.00
      396    2.5061      19.036      14.400        0.00    0.00    0.00
      397    0.0000      19.200      14.400        0.00    0.00    0.00
      398   -2.5061      19.036      14.400        0.00    0.00    0.00
      399   -4.9693      18.546      14.400        0.00    0.00    0.00
      400   -7.3475      17.738      14.400        0.00    0.00    0.00

   NODE        X           Y           Z         THXY    THYZ    THZX
      401   -9.6000      16.628      14.400        0.00    0.00    0.00
      402   -11.688      15.232      14.400        0.00    0.00    0.00
      403   -13.576      13.576      14.400        0.00    0.00    0.00
      404   -15.232      11.688      14.400        0.00    0.00    0.00
      405   -16.628      9.6000      14.400        0.00    0.00    0.00
      406   -17.738      7.3475      14.400        0.00    0.00    0.00
      407   -18.546      4.9693      14.400        0.00    0.00    0.00
      408   -19.036      2.5061      14.400        0.00    0.00    0.00
      409   -19.200      0.0000      14.400        0.00    0.00    0.00
      410   -19.036     -2.5061      14.400        0.00    0.00    0.00
      411   -18.546     -4.9693      14.400        0.00    0.00    0.00
      412   -17.738     -7.3475      14.400        0.00    0.00    0.00
      413   -16.628     -9.6000      14.400        0.00    0.00    0.00
      414   -15.232     -11.688      14.400        0.00    0.00    0.00
      415   -13.576     -13.576      14.400        0.00    0.00    0.00
      416   -11.688     -15.232      14.400        0.00    0.00    0.00
      417   -9.6000     -16.628      14.400        0.00    0.00    0.00
      418   -7.3475     -17.738      14.400        0.00    0.00    0.00
      419   -4.9693     -18.546      14.400        0.00    0.00    0.00
      420   -2.5061     -19.036      14.400        0.00    0.00    0.00

   NODE        X           Y           Z         THXY    THYZ    THZX
      421    0.0000     -19.200      14.400        0.00    0.00    0.00
      422    2.5061     -19.036      14.400        0.00    0.00    0.00
      423    4.9693     -18.546      14.400        0.00    0.00    0.00
      424    7.3475     -17.738      14.400        0.00    0.00    0.00
      425    9.6000     -16.628      14.400        0.00    0.00    0.00
      426    11.688     -15.232      14.400        0.00    0.00    0.00
      427    13.576     -13.576      14.400        0.00    0.00    0.00
      428    15.232     -11.688      14.400        0.00    0.00    0.00
      429    16.628     -9.6000      14.400        0.00    0.00    0.00
      430    17.738     -7.3475      14.400        0.00    0.00    0.00
      431    18.546     -4.9693      14.400        0.00    0.00    0.00
      432    19.036     -2.5061      14.400        0.00    0.00    0.00
      433    17.406      0.0000      16.524        0.00    0.00    0.00
      434    17.257      2.2719      16.524        0.00    0.00    0.00
      435    16.813      4.5049      16.524        0.00    0.00    0.00
      436    16.081      6.6609      16.524        0.00    0.00    0.00
      437    15.074      8.7029      16.524        0.00    0.00    0.00
      438    13.809      10.596      16.524        0.00    0.00    0.00
      439    12.308      12.308      16.524        0.00    0.00    0.00
      440    10.596      13.809      16.524        0.00    0.00    0.00

   NODE        X           Y           Z         THXY    THYZ    THZX
      441    8.7029      15.074      16.524        0.00    0.00    0.00
      442    6.6609      16.081      16.524        0.00    0.00    0.00
      443    4.5049      16.813      16.524        0.00    0.00    0.00
      444    2.2719      17.257      16.524        0.00    0.00    0.00
      445    0.0000      17.406      16.524        0.00    0.00    0.00
      446   -2.2719      17.257      16.524        0.00    0.00    0.00
      447   -4.5049      16.813      16.524        0.00    0.00    0.00
      448   -6.6609      16.081      16.524        0.00    0.00    0.00
      449   -8.7029      15.074      16.524        0.00    0.00    0.00
      450   -10.596      13.809      16.524        0.00    0.00    0.00
      451   -12.308      12.308      16.524        0.00    0.00    0.00
      452   -13.809      10.596      16.524        0.00    0.00    0.00
      453   -15.074      8.7029      16.524        0.00    0.00    0.00
      454   -16.081      6.6609      16.524        0.00    0.00    0.00
      455   -16.813      4.5049      16.524        0.00    0.00    0.00
      456   -17.257      2.2719      16.524        0.00    0.00    0.00
      457   -17.406      0.0000      16.524        0.00    0.00    0.00
      458   -17.257     -2.2719      16.524        0.00    0.00    0.00
      459   -16.813     -4.5049      16.524        0.00    0.00    0.00
      460   -16.081     -6.6609      16.524        0.00    0.00    0.00

   NODE        X           Y           Z         THXY    THYZ    THZX
      461   -15.074     -8.7029      16.524        0.00    0.00    0.00
      462   -13.809     -10.596      16.524        0.00    0.00    0.00
      463   -12.308     -12.308      16.524        0.00    0.00    0.00
      464   -10.596     -13.809      16.524        0.00    0.00    0.00
      465   -8.7029     -15.074      16.524        0.00    0.00    0.00
      466   -6.6609     -16.081      16.524        0.00    0.00    0.00
      467   -4.5049     -16.813      16.524        0.00    0.00    0.00
      468   -2.2719     -17.257      16.524        0.00    0.00    0.00
      469    0.0000     -17.406      16.524        0.00    0.00    0.00
      470    2.2719     -17.257      16.524        0.00    0.00    0.00
      471    4.5049     -16.813      16.524        0.00    0.00    0.00
      472    6.6609     -16.081      16.524        0.00    0.00    0.00
      473    8.7029     -15.074      16.524        0.00    0.00    0.00
      474    10.596     -13.809      16.524        0.00    0.00    0.00
      475    12.308     -12.308      16.524        0.00    0.00    0.00
      476    13.809     -10.596      16.524        0.00    0.00    0.00
      477    15.074     -8.7029      16.524        0.00    0.00    0.00
      478    16.081     -6.6609      16.524        0.00    0.00    0.00
      479    16.813     -4.5049      16.524        0.00    0.00    0.00
      480    17.257     -2.2719      16.524        0.00    0.00    0.00

   NODE        X           Y           Z         THXY    THYZ    THZX
      481    15.378      0.0000      18.426        0.00    0.00    0.00
      482    15.246      2.0072      18.426        0.00    0.00    0.00
      483    14.854      3.9801      18.426        0.00    0.00    0.00
      484    14.207      5.8849      18.426        0.00    0.00    0.00
      485    13.318      7.6890      18.426        0.00    0.00    0.00
      486    12.200      9.3615      18.426        0.00    0.00    0.00
      487    10.874      10.874      18.426        0.00    0.00    0.00
      488    9.3615      12.200      18.426        0.00    0.00    0.00
      489    7.6890      13.318      18.426        0.00    0.00    0.00
      490    5.8849      14.207      18.426        0.00    0.00    0.00
      491    3.9801      14.854      18.426        0.00    0.00    0.00
      492    2.0072      15.246      18.426        0.00    0.00    0.00
      493    0.0000      15.378      18.426        0.00    0.00    0.00
      494   -2.0072      15.246      18.426        0.00    0.00    0.00
      495   -3.9801      14.854      18.426        0.00    0.00    0.00
      496   -5.8849      14.207      18.426        0.00    0.00    0.00
      497   -7.6890      13.318      18.426        0.00    0.00    0.00
      498   -9.3615      12.200      18.426        0.00    0.00    0.00
      499   -10.874      10.874      18.426        0.00    0.00    0.00
      500   -12.200      9.3615      18.426        0.00    0.00    0.00

   NODE        X           Y           Z         THXY    THYZ    THZX
      501   -13.318      7.6890      18.426        0.00    0.00    0.00
      502   -14.207      5.8849      18.426        0.00    0.00    0.00
      503   -14.854      3.9801      18.426        0.00    0.00    0.00
      504   -15.246      2.0072      18.426        0.00    0.00    0.00
      505   -15.378      0.0000      18.426        0.00    0.00    0.00
      506   -15.246     -2.0072      18.426        0.00    0.00    0.00
      507   -14.854     -3.9801      18.426        0.00    0.00    0.00
      508   -14.207     -5.8849      18.426        0.00    0.00    0.00
      509   -13.318     -7.6890      18.426        0.00    0.00    0.00
      510   -12.200     -9.3615      18.426        0.00    0.00    0.00
      511   -10.874     -10.874      18.426        0.00    0.00    0.00
      512   -9.3615     -12.200      18.426        0.00    0.00    0.00
      513   -7.6890     -13.318      18.426        0.00    0.00    0.00
      514   -5.8849     -14.207      18.426        0.00    0.00    0.00
      515   -3.9801     -14.854      18.426        0.00    0.00    0.00
      516   -2.0072     -15.246      18.426        0.00    0.00    0.00
      517    0.0000     -15.378      18.426        0.00    0.00    0.00
      518    2.0072     -15.246      18.426        0.00    0.00    0.00
      519    3.9801     -14.854      18.426        0.00    0.00    0.00
      520    5.8849     -14.207      18.426        0.00    0.00    0.00

   NODE        X           Y           Z         THXY    THYZ    THZX
      521    7.6890     -13.318      18.426        0.00    0.00    0.00
      522    9.3615     -12.200      18.426        0.00    0.00    0.00
      523    10.874     -10.874      18.426        0.00    0.00    0.00
      524    12.200     -9.3615      18.426        0.00    0.00    0.00
      525    13.318     -7.6890      18.426        0.00    0.00    0.00
      526    14.207     -5.8849      18.426        0.00    0.00    0.00
      527    14.854     -3.9801      18.426        0.00    0.00    0.00
      528    15.246     -2.0072      18.426        0.00    0.00    0.00
      529    13.144      0.0000      20.081        0.00    0.00    0.00
      530    13.031      1.7156      20.081        0.00    0.00    0.00
      531    12.696      3.4018      20.081        0.00    0.00    0.00
      532    12.143      5.0299      20.081        0.00    0.00    0.00
      533    11.383      6.5719      20.081        0.00    0.00    0.00
      534    10.428      8.0014      20.081        0.00    0.00    0.00
      535    9.2940      9.2940      20.081        0.00    0.00    0.00
      536    8.0014      10.428      20.081        0.00    0.00    0.00
      537    6.5719      11.383      20.081        0.00    0.00    0.00
      538    5.0299      12.143      20.081        0.00    0.00    0.00
      539    3.4018      12.696      20.081        0.00    0.00    0.00
      540    1.7156      13.031      20.081        0.00    0.00    0.00

   NODE        X           Y           Z         THXY    THYZ    THZX
      541    0.0000      13.144      20.081        0.00    0.00    0.00
      542   -1.7156      13.031      20.081        0.00    0.00    0.00
      543   -3.4018      12.696      20.081        0.00    0.00    0.00
      544   -5.0299      12.143      20.081        0.00    0.00    0.00
      545   -6.5719      11.383      20.081        0.00    0.00    0.00
      546   -8.0014      10.428      20.081        0.00    0.00    0.00
      547   -9.2940      9.2940      20.081        0.00    0.00    0.00
      548   -10.428      8.0014      20.081        0.00    0.00    0.00
      549   -11.383      6.5719      20.081        0.00    0.00    0.00
      550   -12.143      5.0299      20.081        0.00    0.00    0.00
      551   -12.696      3.4018      20.081        0.00    0.00    0.00
      552   -13.031      1.7156      20.081        0.00    0.00    0.00
      553   -13.144      0.0000      20.081        0.00    0.00    0.00
      554   -13.031     -1.7156      20.081        0.00    0.00    0.00
      555   -12.696     -3.4018      20.081        0.00    0.00    0.00
      556   -12.143     -5.0299      20.081        0.00    0.00    0.00
      557   -11.383     -6.5719      20.081        0.00    0.00    0.00
      558   -10.428     -8.0014      20.081        0.00    0.00    0.00
      559   -9.2940     -9.2940      20.081        0.00    0.00    0.00
      560   -8.0014     -10.428      20.081        0.00    0.00    0.00

   NODE        X           Y           Z         THXY    THYZ    THZX
      561   -6.5719     -11.383      20.081        0.00    0.00    0.00
      562   -5.0299     -12.143      20.081        0.00    0.00    0.00
      563   -3.4018     -12.696      20.081        0.00    0.00    0.00
      564   -1.7156     -13.031      20.081        0.00    0.00    0.00
      565    0.0000     -13.144      20.081        0.00    0.00    0.00
      566    1.7156     -13.031      20.081        0.00    0.00    0.00
      567    3.4018     -12.696      20.081        0.00    0.00    0.00
      568    5.0299     -12.143      20.081        0.00    0.00    0.00
      569    6.5719     -11.383      20.081        0.00    0.00    0.00
      570    8.0014     -10.428      20.081        0.00    0.00    0.00
      571    9.2940     -9.2940      20.081        0.00    0.00    0.00
      572    10.428     -8.0014      20.081        0.00    0.00    0.00
      573    11.383     -6.5719      20.081        0.00    0.00    0.00
      574    12.143     -5.0299      20.081        0.00    0.00    0.00
      575    12.696     -3.4018      20.081        0.00    0.00    0.00
      576    13.031     -1.7156      20.081        0.00    0.00    0.00
      577    10.733      0.0000      21.466        0.00    0.00    0.00
      578    10.641      1.4010      21.466        0.00    0.00    0.00
      579    10.367      2.7779      21.466        0.00    0.00    0.00
      580    9.9161      4.1074      21.466        0.00    0.00    0.00

   NODE        X           Y           Z         THXY    THYZ    THZX
      581    9.2951      5.3666      21.466        0.00    0.00    0.00
      582    8.5151      6.5339      21.466        0.00    0.00    0.00
      583    7.5895      7.5895      21.466        0.00    0.00    0.00
      584    6.5339      8.5151      21.466        0.00    0.00    0.00
      585    5.3666      9.2951      21.466        0.00    0.00    0.00
      586    4.1074      9.9161      21.466        0.00    0.00    0.00
      587    2.7779      10.367      21.466        0.00    0.00    0.00
      588    1.4010      10.641      21.466        0.00    0.00    0.00
      589    0.0000      10.733      21.466        0.00    0.00    0.00
      590   -1.4010      10.641      21.466        0.00    0.00    0.00
      591   -2.7779      10.367      21.466        0.00    0.00    0.00
      592   -4.1074      9.9161      21.466        0.00    0.00    0.00
      593   -5.3666      9.2951      21.466        0.00    0.00    0.00
      594   -6.5339      8.5151      21.466        0.00    0.00    0.00
      595   -7.5895      7.5895      21.466        0.00    0.00    0.00
      596   -8.5151      6.5339      21.466        0.00    0.00    0.00
      597   -9.2951      5.3666      21.466        0.00    0.00    0.00
      598   -9.9161      4.1074      21.466        0.00    0.00    0.00
      599   -10.367      2.7779      21.466        0.00    0.00    0.00
      600   -10.641      1.4010      21.466        0.00    0.00    0.00

   NODE        X           Y           Z         THXY    THYZ    THZX
      601   -10.733      0.0000      21.466        0.00    0.00    0.00
      602   -10.641     -1.4010      21.466        0.00    0.00    0.00
      603   -10.367     -2.7779      21.466        0.00    0.00    0.00
      604   -9.9161     -4.1074      21.466        0.00    0.00    0.00
      605   -9.2951     -5.3666      21.466        0.00    0.00    0.00
      606   -8.5151     -6.5339      21.466        0.00    0.00    0.00
      607   -7.5895     -7.5895      21.466        0.00    0.00    0.00
      608   -6.5339     -8.5151      21.466        0.00    0.00    0.00
      609   -5.3666     -9.2951      21.466        0.00    0.00    0.00
      610   -4.1074     -9.9161      21.466        0.00    0.00    0.00
      611   -2.7779     -10.367      21.466        0.00    0.00    0.00
      612   -1.4010     -10.641      21.466        0.00    0.00    0.00
      613    0.0000     -10.733      21.466        0.00    0.00    0.00
      614    1.4010     -10.641      21.466        0.00    0.00    0.00
      615    2.7779     -10.367      21.466        0.00    0.00    0.00
      616    4.1074     -9.9161      21.466        0.00    0.00    0.00
      617    5.3666     -9.2951      21.466        0.00    0.00    0.00
      618    6.5339     -8.5151      21.466        0.00    0.00    0.00
      619    7.5895     -7.5895      21.466        0.00    0.00    0.00
      620    8.5151     -6.5339      21.466        0.00    0.00    0.00

   NODE        X           Y           Z         THXY    THYZ    THZX
      621    9.2951     -5.3666      21.466        0.00    0.00    0.00
      622    9.9161     -4.1074      21.466        0.00    0.00    0.00
      623    10.367     -2.7779      21.466        0.00    0.00    0.00
      624    10.641     -1.4010      21.466        0.00    0.00    0.00
      625    8.1785      0.0000      22.564        0.00    0.00    0.00
      626    8.1085      1.0675      22.564        0.00    0.00    0.00
      627    7.8998      2.1167      22.564        0.00    0.00    0.00
      628    7.5559      3.1298      22.564        0.00    0.00    0.00
      629    7.0828      4.0892      22.564        0.00    0.00    0.00
      630    6.4884      4.9787      22.564        0.00    0.00    0.00
      631    5.7830      5.7830      22.564        0.00    0.00    0.00
      632    4.9787      6.4884      22.564        0.00    0.00    0.00
      633    4.0892      7.0828      22.564        0.00    0.00    0.00
      634    3.1298      7.5559      22.564        0.00    0.00    0.00
      635    2.1167      7.8998      22.564        0.00    0.00    0.00
      636    1.0675      8.1085      22.564        0.00    0.00    0.00
      637    0.0000      8.1785      22.564        0.00    0.00    0.00
      638   -1.0675      8.1085      22.564        0.00    0.00    0.00
      639   -2.1167      7.8998      22.564        0.00    0.00    0.00
      640   -3.1298      7.5559      22.564        0.00    0.00    0.00

   NODE        X           Y           Z         THXY    THYZ    THZX
      641   -4.0892      7.0828      22.564        0.00    0.00    0.00
      642   -4.9787      6.4884      22.564        0.00    0.00    0.00
      643   -5.7830      5.7830      22.564        0.00    0.00    0.00
      644   -6.4884      4.9787      22.564        0.00    0.00    0.00
      645   -7.0828      4.0892      22.564        0.00    0.00    0.00
      646   -7.5559      3.1298      22.564        0.00    0.00    0.00
      647   -7.8998      2.1167      22.564        0.00    0.00    0.00
      648   -8.1085      1.0675      22.564        0.00    0.00    0.00
      649   -8.1785      0.0000      22.564        0.00    0.00    0.00
      650   -8.1085     -1.0675      22.564        0.00    0.00    0.00
      651   -7.8998     -2.1167      22.564        0.00    0.00    0.00
      652   -7.5559     -3.1298      22.564        0.00    0.00    0.00
      653   -7.0828     -4.0892      22.564        0.00    0.00    0.00
      654   -6.4884     -4.9787      22.564        0.00    0.00    0.00
      655   -5.7830     -5.7830      22.564        0.00    0.00    0.00
      656   -4.9787     -6.4884      22.564        0.00    0.00    0.00
      657   -4.0892     -7.0828      22.564        0.00    0.00    0.00
      658   -3.1298     -7.5559      22.564        0.00    0.00    0.00
      659   -2.1167     -7.8998      22.564        0.00    0.00    0.00
      660   -1.0675     -8.1085      22.564        0.00    0.00    0.00

   NODE        X           Y           Z         THXY    THYZ    THZX
      661    0.0000     -8.1785      22.564        0.00    0.00    0.00
      662    1.0675     -8.1085      22.564        0.00    0.00    0.00
      663    2.1167     -7.8998      22.564        0.00    0.00    0.00
      664    3.1298     -7.5559      22.564        0.00    0.00    0.00
      665    4.0892     -7.0828      22.564        0.00    0.00    0.00
      666    4.9787     -6.4884      22.564        0.00    0.00    0.00
      667    5.7830     -5.7830      22.564        0.00    0.00    0.00
      668    6.4884     -4.9787      22.564        0.00    0.00    0.00
      669    7.0828     -4.0892      22.564        0.00    0.00    0.00
      670    7.5559     -3.1298      22.564        0.00    0.00    0.00
      671    7.8998     -2.1167      22.564        0.00    0.00    0.00
      672    8.1085     -1.0675      22.564        0.00    0.00    0.00
      673    5.5141      0.0000      23.358        0.00    0.00    0.00
      674    5.4669     0.71973      23.358        0.00    0.00    0.00
      675    5.3262      1.4271      23.358        0.00    0.00    0.00
      676    5.0943      2.1101      23.358        0.00    0.00    0.00
      677    4.7753      2.7570      23.358        0.00    0.00    0.00
      678    4.3746      3.3567      23.358        0.00    0.00    0.00
      679    3.8990      3.8990      23.358        0.00    0.00    0.00
      680    3.3567      4.3746      23.358        0.00    0.00    0.00

   NODE        X           Y           Z         THXY    THYZ    THZX
      681    2.7570      4.7753      23.358        0.00    0.00    0.00
      682    2.1101      5.0943      23.358        0.00    0.00    0.00
      683    1.4271      5.3262      23.358        0.00    0.00    0.00
      684   0.71973      5.4669      23.358        0.00    0.00    0.00
      685    0.0000      5.5141      23.358        0.00    0.00    0.00
      686  -0.71973      5.4669      23.358        0.00    0.00    0.00
      687   -1.4271      5.3262      23.358        0.00    0.00    0.00
      688   -2.1101      5.0943      23.358        0.00    0.00    0.00
      689   -2.7570      4.7753      23.358        0.00    0.00    0.00
      690   -3.3567      4.3746      23.358        0.00    0.00    0.00
      691   -3.8990      3.8990      23.358        0.00    0.00    0.00
      692   -4.3746      3.3567      23.358        0.00    0.00    0.00
      693   -4.7753      2.7570      23.358        0.00    0.00    0.00
      694   -5.0943      2.1101      23.358        0.00    0.00    0.00
      695   -5.3262      1.4271      23.358        0.00    0.00    0.00
      696   -5.4669     0.71973      23.358        0.00    0.00    0.00
      697   -5.5141      0.0000      23.358        0.00    0.00    0.00
      698   -5.4669    -0.71973      23.358        0.00    0.00    0.00
      699   -5.3262     -1.4271      23.358        0.00    0.00    0.00
      700   -5.0943     -2.1101      23.358        0.00    0.00    0.00

   NODE        X           Y           Z         THXY    THYZ    THZX
      701   -4.7753     -2.7570      23.358        0.00    0.00    0.00
      702   -4.3746     -3.3567      23.358        0.00    0.00    0.00
      703   -3.8990     -3.8990      23.358        0.00    0.00    0.00
      704   -3.3567     -4.3746      23.358        0.00    0.00    0.00
      705   -2.7570     -4.7753      23.358        0.00    0.00    0.00
      706   -2.1101     -5.0943      23.358        0.00    0.00    0.00
      707   -1.4271     -5.3262      23.358        0.00    0.00    0.00
      708  -0.71973     -5.4669      23.358        0.00    0.00    0.00
      709    0.0000     -5.5141      23.358        0.00    0.00    0.00
      710   0.71973     -5.4669      23.358        0.00    0.00    0.00
      711    1.4271     -5.3262      23.358        0.00    0.00    0.00
      712    2.1101     -5.0943      23.358        0.00    0.00    0.00
      713    2.7570     -4.7753      23.358        0.00    0.00    0.00
      714    3.3567     -4.3746      23.358        0.00    0.00    0.00
      715    3.8990     -3.8990      23.358        0.00    0.00    0.00
      716    4.3746     -3.3567      23.358        0.00    0.00    0.00
      717    4.7753     -2.7570      23.358        0.00    0.00    0.00
      718    5.0943     -2.1101      23.358        0.00    0.00    0.00
      719    5.3262     -1.4271      23.358        0.00    0.00    0.00
      720    5.4669    -0.71973      23.358        0.00    0.00    0.00

   NODE        X           Y           Z         THXY    THYZ    THZX
      721    2.7757      0.0000      23.839        0.00    0.00    0.00
      722    2.7519     0.36230      23.839        0.00    0.00    0.00
      723    2.6811     0.71839      23.839        0.00    0.00    0.00
      724    2.5644      1.0622      23.839        0.00    0.00    0.00
      725    2.4038      1.3878      23.839        0.00    0.00    0.00
      726    2.2021      1.6897      23.839        0.00    0.00    0.00
      727    1.9627      1.9627      23.839        0.00    0.00    0.00
      728    1.6897      2.2021      23.839        0.00    0.00    0.00
      729    1.3878      2.4038      23.839        0.00    0.00    0.00
      730    1.0622      2.5644      23.839        0.00    0.00    0.00
      731   0.71839      2.6811      23.839        0.00    0.00    0.00
      732   0.36230      2.7519      23.839        0.00    0.00    0.00
      733    0.0000      2.7757      23.839        0.00    0.00    0.00
      734  -0.36230      2.7519      23.839        0.00    0.00    0.00
      735  -0.71839      2.6811      23.839        0.00    0.00    0.00
      736   -1.0622      2.5644      23.839        0.00    0.00    0.00
      737   -1.3878      2.4038      23.839        0.00    0.00    0.00
      738   -1.6897      2.2021      23.839        0.00    0.00    0.00
      739   -1.9627      1.9627      23.839        0.00    0.00    0.00
      740   -2.2021      1.6897      23.839        0.00    0.00    0.00

   NODE        X           Y           Z         THXY    THYZ    THZX
      741   -2.4038      1.3878      23.839        0.00    0.00    0.00
      742   -2.5644      1.0622      23.839        0.00    0.00    0.00
      743   -2.6811     0.71839      23.839        0.00    0.00    0.00
      744   -2.7519     0.36230      23.839        0.00    0.00    0.00
      745   -2.7757      0.0000      23.839        0.00    0.00    0.00
      746   -2.7519    -0.36230      23.839        0.00    0.00    0.00
      747   -2.6811    -0.71839      23.839        0.00    0.00    0.00
      748   -2.5644     -1.0622      23.839        0.00    0.00    0.00
      749   -2.4038     -1.3878      23.839        0.00    0.00    0.00
      750   -2.2021     -1.6897      23.839        0.00    0.00    0.00
      751   -1.9627     -1.9627      23.839        0.00    0.00    0.00
      752   -1.6897     -2.2021      23.839        0.00    0.00    0.00
      753   -1.3878     -2.4038      23.839        0.00    0.00    0.00
      754   -1.0622     -2.5644      23.839        0.00    0.00    0.00
      755  -0.71839     -2.6811      23.839        0.00    0.00    0.00
      756  -0.36230     -2.7519      23.839        0.00    0.00    0.00
      757    0.0000     -2.7757      23.839        0.00    0.00    0.00
      758   0.36230     -2.7519      23.839        0.00    0.00    0.00
      759   0.71839     -2.6811      23.839        0.00    0.00    0.00
      760    1.0622     -2.5644      23.839        0.00    0.00    0.00

   NODE        X           Y           Z         THXY    THYZ    THZX
      761    1.3878     -2.4038      23.839        0.00    0.00    0.00
      762    1.6897     -2.2021      23.839        0.00    0.00    0.00
      763    1.9627     -1.9627      23.839        0.00    0.00    0.00
      764    2.2021     -1.6897      23.839        0.00    0.00    0.00
      765    2.4038     -1.3878      23.839        0.00    0.00    0.00
      766    2.5644     -1.0622      23.839        0.00    0.00    0.00
      767    2.6811    -0.71839      23.839        0.00    0.00    0.00
      768    2.7519    -0.36230      23.839        0.00    0.00    0.00
      769    0.0000      0.0000      25.000        0.00    0.00    0.00
      770    0.0000      0.0000      24.000        0.00    0.00    0.00
