3281.3202565297615
-1.00	-1.01	-0.14	-0.02	-0.03	-0.03	0.95	-0.99	-0.00	-2.00	-0.97	-2.04	-0.95	-0.96	0.01	0.06	1.09	-0.08	0.97	-1.91	-0.07	0.93	0.05	0.11	-0.89	-2.01	-0.05	1.00	0.08	-0.97	
3285.8576857024887
-0.04	-0.03	-0.06	-0.94	1.08	-1.06	-0.89	0.04	1.00	-1.01	0.02	-1.07	0.95	2.02	-1.01	-1.00	-0.10	0.07	0.02	0.89	-1.07	-1.98	-0.08	-0.03	-0.10	0.09	-1.08	0.02	0.07	1.00	
3283.4823534327447
-0.02	0.06	1.98	0.00	-0.03	1.06	1.94	1.00	-1.09	-0.97	-0.03	-1.05	0.14	-0.03	-0.00	1.04	-0.94	0.08	-1.00	-1.97	-0.98	-1.93	0.10	0.04	0.97	-1.08	0.03	0.11	-0.06	1.02	
3285.6885724939807
-0.02	0.08	-0.93	-0.97	0.04	-0.11	-0.07	0.92	-0.06	-0.06	0.13	0.03	-1.01	0.00	1.01	1.11	0.96	-0.05	0.86	-0.02	-1.01	-0.08	-0.97	1.15	-1.08	0.90	1.06	-0.94	0.02	-1.00	
3281.4214928970355
0.00	0.97	1.06	0.93	-1.11	1.89	1.03	-1.03	0.92	0.95	-1.03	-0.00	0.01	0.01	1.96	-0.97	0.94	-1.08	1.01	1.01	1.97	1.03	0.02	1.98	-1.01	1.00	1.04	-0.02	0.02	-0.90	
3280.6407389858887
-0.04	0.11	1.05	-0.04	0.95	-1.06	0.03	1.03	-0.97	0.95	-2.90	0.05	0.95	-0.95	0.10	-0.05	-0.06	-0.11	1.00	-1.11	0.98	0.08	-1.09	-0.02	1.06	0.03	1.00	0.09	0.86	0.05	
3278.3939983356377
-0.99	-0.90	-0.03	-0.05	0.09	0.06	-0.01	-0.92	-0.05	1.12	1.00	-0.02	0.01	-0.05	1.19	-0.99	1.03	1.07	1.09	0.98	1.01	1.98	-0.01	-1.04	-0.95	2.01	0.14	1.08	0.95	0.09	
3276.5893761694106
0.09	0.95	-0.01	0.06	1.90	1.12	-1.01	-1.06	0.99	0.95	-0.94	-0.94	0.95	-0.98	-0.06	-2.04	-0.03	-1.06	0.01	-1.91	0.98	2.01	-0.19	-0.04	-0.95	1.04	0.04	0.01	-0.03	0.09	
3270.325884654453
0.99	0.05	-0.92	-0.91	1.12	-0.01	-0.85	0.08	0.07	0.14	0.99	0.90	-0.00	0.22	-0.97	0.06	-0.01	1.06	1.05	1.00	1.04	-0.07	-0.91	0.16	-1.97	-1.97	-0.08	1.07	0.03	0.05	
3290.993442085472
1.00	-0.98	0.95	-0.04	0.05	1.03	0.92	-0.14	-1.13	-0.12	-1.02	-0.07	0.04	1.09	1.05	-0.02	1.00	-1.02	0.99	1.02	-0.97	0.98	-0.00	-1.07	0.03	1.01	0.99	-0.95	0.06	-0.99	
3271.5294156563727
-0.08	-0.02	-0.06	-0.10	1.98	-1.07	0.86	1.04	-0.97	0.90	0.04	0.91	0.99	-1.08	-0.02	1.00	1.03	0.20	0.95	-0.04	-0.99	-0.87	-0.92	1.02	-0.07	-0.06	0.13	-0.98	-0.84	1.07	
3284.993448357567
-0.06	1.93	-0.01	0.99	0.07	-0.09	-0.99	-1.05	-0.98	0.12	0.99	-1.01	1.04	0.08	0.99	-0.99	-0.05	-1.00	-0.99	1.01	1.07	-0.04	-0.94	0.93	-0.07	-0.20	0.04	1.10	1.04	-0.97	
3272.225691225651
0.05	0.02	1.11	1.01	0.06	-1.08	-0.00	-1.09	0.03	-0.99	-0.97	1.11	-0.95	-0.15	1.00	-0.99	-1.07	-0.02	-0.07	1.01	-0.16	1.87	0.88	0.06	0.84	-0.92	1.05	0.90	-0.93	-0.04	
3277.4951707160285
-1.00	0.06	-0.03	-0.05	-0.08	2.02	0.03	-0.03	1.02	-1.02	0.06	1.96	-1.15	-0.12	-1.04	-0.89	-0.90	0.04	-0.03	-1.15	-0.03	-1.04	-2.00	-1.96	0.02	0.94	-0.11	-1.03	1.01	0.01	
3279.0300975474147
-0.81	1.02	0.91	-0.96	-1.90	0.02	-0.93	-0.90	0.05	0.93	-0.97	-1.07	-0.00	-0.04	0.01	-2.03	-1.02	-0.06	-1.01	-1.11	-0.93	-0.00	-1.00	0.89	-0.10	-1.05	1.05	0.09	0.01	0.04	
3288.283488757452
0.01	0.06	-0.08	0.97	-1.08	0.95	-1.02	-0.01	-1.05	2.04	-0.95	1.93	0.99	0.91	0.06	-1.01	1.05	-0.06	-0.05	0.05	0.92	0.02	-0.09	-0.03	0.96	-0.01	0.95	0.98	-0.15	-0.94	
3284.1174458532546
-0.82	-0.01	1.00	-0.05	0.10	-1.01	-0.07	-0.01	1.03	0.90	-0.89	0.93	0.06	-1.00	0.02	-0.02	1.06	-0.08	-0.04	-1.02	-1.02	-0.08	-2.04	-1.06	0.13	-0.06	-0.08	0.15	0.01	0.96	
3283.908287412721
-1.05	-1.11	0.01	-0.10	0.98	-0.00	-0.06	1.06	1.97	-0.01	0.94	1.01	-0.92	-0.06	0.05	-0.07	0.09	-1.00	-0.01	0.97	0.88	-0.15	0.96	2.03	-1.03	-0.05	-0.95	-0.99	0.06	-0.13	
3279.73046234698
0.90	0.01	-0.94	0.05	-1.08	-0.07	-1.10	0.93	-0.92	-0.95	0.11	-0.03	1.08	-1.08	-1.00	0.95	0.01	-0.05	-0.98	1.09	-2.01	1.00	0.91	-1.04	-0.06	0.14	0.99	0.95	0.98	1.10	
3274.2288129752305
-0.04	0.16	1.04	0.01	0.99	-0.14	0.97	0.06	0.05	0.10	-0.10	0.01	0.02	1.00	1.13	-0.11	0.06	0.16	-0.07	1.04	1.08	-0.86	1.98	0.94	-0.99	0.11	-1.08	-1.01	-0.95	-1.05	
3266.9959045938276
0.85	-1.00	-1.00	-1.05	1.94	0.94	0.16	-0.93	-0.02	-0.01	-1.03	2.02	1.89	1.02	1.07	1.05	0.96	-1.00	-0.12	0.03	0.93	-0.08	1.01	-0.95	1.20	-1.13	-0.03	-1.01	0.95	-0.06	
3285.3226474902267
-0.03	0.01	0.00	0.04	-0.08	-0.09	-0.97	1.11	0.12	0.13	0.94	1.02	-1.00	-1.02	-1.03	-0.00	0.06	-1.04	0.11	1.00	0.09	0.06	-1.91	-0.98	-0.06	-0.01	1.08	1.01	0.87	1.08	
3276.180461051511
-1.04	-1.01	-1.11	-1.01	-1.01	0.95	-1.02	-0.94	-0.08	1.05	-0.91	-0.03	-0.07	2.04	-0.97	1.03	0.13	-1.02	-0.13	-0.08	1.02	0.04	0.08	0.04	1.11	-0.98	0.07	-0.17	-0.95	1.13	
3291.8898803081156
-1.04	0.04	-0.01	-1.00	-0.08	0.08	-1.03	-0.02	2.02	0.04	-1.06	1.01	-1.99	0.04	1.00	0.94	-0.08	-0.94	0.07	-0.01	1.04	0.07	-0.10	-0.00	-0.03	0.92	-1.03	0.07	-0.85	0.06	
3283.3455744796875
-0.01	-0.89	-0.05	-0.07	2.02	0.94	-0.06	-0.93	-0.98	0.04	1.00	-0.93	0.91	0.98	-1.04	0.04	-0.00	1.11	-2.01	-1.00	1.89	1.02	-0.00	1.01	-0.00	-1.08	0.93	0.99	1.04	0.99	
3271.7431488484035
-0.88	-0.93	-0.87	-0.06	0.03	0.90	-2.03	2.03	0.07	-0.07	-0.98	1.08	-0.04	0.99	-1.08	-0.97	1.03	0.08	-0.05	-0.97	-0.97	0.00	-0.07	0.10	0.13	-0.91	-2.02	1.01	-0.17	0.13	
3277.5627268969142
-0.99	0.96	1.07	0.98	0.97	-0.00	-0.00	1.04	-0.14	0.04	-1.07	0.86	0.90	0.95	0.96	0.98	-0.92	0.01	-1.02	-0.08	-0.09	0.87	-0.03	-0.01	1.09	-0.92	-0.07	1.17	-0.07	-1.14	
3285.42287556574
1.10	-0.89	2.09	-0.01	-0.97	0.95	-0.09	0.00	0.02	-0.95	-1.02	0.01	-0.98	0.07	0.86	-1.12	0.99	-0.97	-0.95	0.07	0.05	-0.95	-0.03	0.94	-0.98	-0.99	0.91	-0.01	0.12	-0.01	
3282.479715157306
-0.91	-0.06	-1.00	-0.08	1.07	1.01	0.85	-0.01	-0.98	1.01	0.12	-1.00	0.95	-0.04	-1.00	-0.03	0.06	-0.09	0.91	0.98	0.98	-1.87	-0.94	-0.08	-0.15	1.06	0.03	-0.98	1.00	0.97	
3279.6951595568016
0.94	1.05	0.95	-0.97	0.09	0.89	-0.92	-0.01	-0.04	-0.12	-0.03	1.03	-0.01	-0.08	-0.06	-0.16	0.11	0.94	0.03	0.04	0.98	1.06	-1.07	0.96	-0.95	-1.03	1.10	-1.14	1.01	-2.07	
3281.600047218525
0.02	-0.95	0.99	-0.91	0.10	1.07	-1.07	-0.87	1.03	0.99	0.98	-0.98	0.90	-0.86	-0.97	1.11	1.02	-0.05	-1.09	0.98	-0.04	-0.06	0.95	0.07	-0.00	-0.03	-0.01	-2.01	-0.89	-1.05	
3280.3607653448926
1.12	0.97	0.07	1.03	-0.09	0.08	-0.02	0.97	-0.91	0.05	-0.84	-1.09	-1.06	-0.99	-0.91	-0.06	-0.12	-0.93	-0.08	0.01	1.03	-0.88	-0.99	-1.01	-0.97	0.96	0.07	1.03	-1.96	-0.02	
3267.8272002111858
1.04	-1.12	0.93	1.04	-0.97	1.98	-0.12	-0.88	0.99	1.01	-0.94	-0.09	-1.12	-0.06	0.05	0.06	0.04	0.98	-1.99	0.98	0.92	-2.14	-0.98	-0.02	0.07	0.06	0.86	0.08	-1.12	1.06	
3283.749854980477
0.03	-0.07	-0.93	0.04	-1.08	-0.13	1.00	1.07	-1.08	0.01	0.98	-0.11	-1.02	-0.08	-1.00	0.03	0.09	1.01	-0.91	0.97	0.01	-0.06	-1.99	-0.04	-0.84	-0.06	0.06	-1.05	-1.97	0.96	
3269.210257819723
0.01	0.97	0.00	0.08	-1.11	-2.02	-0.01	-1.97	-1.98	-0.03	-0.07	-1.00	-0.89	0.17	-0.85	2.02	-0.98	-0.94	-0.05	-0.07	-1.13	-0.95	0.89	-1.08	0.03	0.94	-1.92	-0.01	-0.01	-1.07	
3292.9353143545754
-0.08	-0.06	-1.00	1.04	-0.01	1.00	-0.01	-0.10	-0.94	-0.94	0.98	1.00	-0.03	-0.00	-0.89	-0.01	0.09	0.04	1.11	-0.03	0.95	0.04	1.11	1.04	0.85	-0.97	1.03	-0.04	0.99	-0.07	
3277.239440799117
1.03	-1.05	-0.96	1.03	1.11	0.12	0.07	-0.10	-1.12	-1.03	1.06	0.01	0.99	1.10	-1.00	-1.03	0.14	-0.99	0.02	-0.22	0.01	-1.07	1.05	-1.05	0.01	-0.00	0.10	1.08	0.91	-0.04	
3279.8201935639663
-1.09	-2.01	0.99	-0.03	0.98	-1.07	0.02	-1.98	1.06	-0.01	-0.14	1.00	0.94	-1.06	1.01	0.01	-0.02	-0.91	-0.95	-1.12	-0.97	-1.13	-0.93	0.04	1.98	-0.03	0.93	0.98	-0.04	0.99	
3290.8825556893144
-0.04	-0.02	1.96	-0.07	-0.90	-0.03	0.06	0.10	0.02	0.97	1.10	-0.07	1.89	1.01	-0.10	-0.01	-0.04	-0.00	-0.96	0.04	-0.90	0.01	-0.05	-0.09	1.02	-0.97	-0.06	0.92	-1.03	-1.00	
3265.8824238097095
-1.01	1.10	0.91	-1.11	1.01	0.90	0.06	-0.91	-1.04	-1.11	0.92	-0.10	0.05	1.04	-0.06	-0.06	-0.88	-0.12	1.00	-0.09	-1.07	-0.05	1.85	1.04	-1.01	-0.02	1.00	1.85	-0.85	-0.03	
3279.0879606357885
-1.00	-0.13	1.04	-1.01	-0.00	-0.02	-1.02	1.05	2.08	0.03	-0.96	0.91	-0.98	-1.01	0.04	1.11	-1.00	1.00	-1.00	-0.01	-1.90	0.13	-1.07	-1.92	1.99	0.95	0.08	0.01	-0.01	-0.99	
3273.42786144282
0.98	0.01	-1.05	0.06	-0.98	0.03	-0.07	0.93	-1.05	0.02	0.98	-0.97	2.04	1.14	-0.03	0.91	1.14	1.12	0.93	0.92	-1.03	-0.12	0.03	2.06	-0.94	-1.88	0.04	-0.08	0.98	-0.99	
3273.3999457297514
0.96	0.09	-0.87	-1.96	0.90	-0.95	1.12	-2.07	1.03	-0.03	-0.06	1.04	-0.99	0.04	0.91	0.94	-2.05	0.05	0.09	0.01	0.94	-2.04	0.93	-1.09	0.99	-0.07	-0.94	-0.01	0.06	-1.06	
3279.8865611073684
-0.07	1.98	0.10	-0.05	-0.97	-0.05	0.91	1.04	1.03	1.06	2.03	-1.01	-0.96	-0.01	0.97	-1.97	0.92	0.11	2.04	0.90	0.98	0.04	-1.02	0.95	-0.12	-0.01	0.02	-1.02	-0.03	0.11	
3287.0183111716237
-0.08	-0.04	-0.04	-1.05	-0.10	-0.02	0.01	0.03	1.10	-0.09	0.85	-0.10	-0.05	2.02	-0.15	1.03	0.06	1.09	-0.06	-0.00	-0.10	-0.97	-0.96	-0.10	-1.06	1.00	-1.02	0.96	-0.03	0.01	
3272.8413576630455
-0.09	0.01	0.11	0.83	-1.06	0.07	1.94	-1.04	0.03	-1.03	-0.03	2.05	-0.06	-0.97	0.08	1.04	1.91	0.06	-0.82	-0.04	-1.02	-0.97	-1.06	-0.12	-0.05	-0.97	0.98	0.03	2.09	0.06	
3284.5713048986468
-1.02	1.96	-0.93	1.06	-0.88	-0.01	0.88	1.03	-0.07	0.03	-1.05	-1.00	0.97	0.01	-1.99	-0.05	-0.05	0.05	-0.09	-1.95	1.00	0.01	-0.04	0.11	-1.03	-0.02	-1.06	0.13	1.04	0.06	
3279.2366182997675
2.04	-0.02	2.04	0.03	-0.05	0.89	0.02	1.05	-0.01	-0.10	-0.99	1.06	1.00	0.03	0.06	0.16	0.97	0.97	-0.03	0.11	-0.01	-0.06	1.05	-1.00	2.02	-0.94	-0.15	1.05	0.87	1.07	
3282.252835392983
-1.10	0.94	-0.03	-0.93	0.10	0.03	-0.95	0.99	0.98	-2.03	0.09	0.02	-1.04	1.02	-2.01	0.96	0.93	-0.92	-0.10	-0.00	-0.91	1.08	-0.02	0.04	0.96	-1.03	0.06	0.94	0.10	-1.10	
3281.724661242114
-0.94	-0.02	-1.96	-1.04	-0.97	-0.04	-1.02	0.03	-2.02	0.13	1.00	0.92	-0.98	-0.06	-1.11	-1.08	-0.03	-1.02	1.05	-1.02	-0.04	0.01	-0.08	-1.09	-0.96	-0.93	0.03	-2.06	-1.10	1.00	
