3100.828779045969
-1.16	-0.10	-0.07	-0.61	-3.17	-1.23	-1.50	1.17	1.19	0.75	-2.17	0.94	1.08	-3.01	0.02	1.90	-0.64	0.69	1.28	-2.06	0.96	1.20	-1.01	1.92	2.00	0.87	0.20	0.87	0.98	1.33	
3120.3116084564713
3.19	-1.05	2.14	3.99	-4.02	0.13	4.02	1.17	0.11	-0.82	-0.83	0.80	-1.86	-0.16	-1.01	2.14	-2.08	0.90	0.04	-0.40	-1.01	2.15	0.67	1.92	2.00	-1.91	1.86	0.87	0.98	2.01	
3168.80033224672
-1.96	-0.95	1.69	-0.02	-1.13	1.99	-2.98	1.14	3.07	-2.23	2.06	-0.24	0.12	-1.82	-0.02	0.01	2.87	-1.01	1.93	-1.23	0.04	0.82	-0.95	1.12	-2.97	-0.09	1.23	0.87	0.98	-0.95	
3085.5950234824195
0.84	-1.04	-2.09	4.04	-0.85	0.04	0.75	-2.93	-1.05	-1.14	0.74	1.84	2.19	1.89	1.39	1.90	2.23	1.95	2.27	0.90	-2.78	1.80	0.67	-3.14	2.00	-0.00	1.98	0.87	0.98	1.33	
3027.7602258035586
-2.04	-2.78	0.16	0.07	-2.95	4.04	-2.93	-2.02	0.67	1.79	2.61	1.76	1.08	-0.91	2.70	-1.26	3.19	-1.91	0.81	3.07	-1.54	-1.92	1.69	1.13	0.40	-0.86	1.85	-1.95	1.18	1.18	
3115.4711342645874
2.23	3.07	1.89	-0.61	2.91	-0.15	2.07	1.17	0.80	1.12	-2.65	1.10	1.08	0.21	-1.72	0.19	-2.30	-1.15	-2.99	-0.97	-2.04	-0.05	-2.80	0.92	-0.05	0.07	2.11	-0.09	-1.96	-0.93	
3170.12160531564
2.90	1.14	0.91	-0.61	2.94	0.02	-1.75	-0.11	-0.27	-1.90	2.13	0.06	1.08	-2.96	1.11	-2.72	-0.97	0.05	0.07	0.01	-0.93	1.03	-0.02	-0.17	-1.86	0.88	-0.81	-0.07	1.93	-1.90	
3035.3979053356643
0.27	3.07	-1.71	-3.05	1.99	1.91	0.05	1.07	-2.01	2.05	0.59	-2.02	1.08	-1.98	2.20	-1.89	2.77	-0.58	1.21	0.73	-1.54	-3.01	2.67	3.94	2.77	-1.00	3.89	0.95	0.98	1.33	
3121.4656016971103
0.76	-1.20	-1.26	0.97	1.70	1.05	-2.06	-2.05	-1.79	1.89	-1.92	1.78	3.02	-0.90	1.00	-0.07	0.01	1.97	2.95	0.05	0.76	-2.20	0.67	1.92	2.00	-2.11	3.98	0.87	0.98	1.33	
3141.52529524594
0.34	-1.81	2.09	-1.27	0.99	0.11	1.13	-0.78	2.11	2.99	-0.76	0.83	2.13	-0.98	0.91	-0.91	1.01	-1.01	1.20	0.80	0.04	2.97	-2.12	2.94	2.00	-2.10	1.85	0.87	0.98	1.33	
3138.679921213569
-2.00	-0.82	-1.06	-1.93	-0.02	3.96	-0.14	-2.04	1.21	-1.73	1.19	1.08	-1.18	-2.92	3.05	-3.05	-1.06	-2.16	-2.99	0.12	0.94	0.45	0.03	1.92	1.98	-0.20	-1.02	-0.99	0.98	1.33	
3102.3742054032314
0.16	-2.98	0.87	-0.08	-2.86	1.89	-0.27	0.88	2.09	1.16	-0.10	0.16	1.08	0.81	-2.06	-2.12	-2.81	3.11	-0.74	-0.17	1.69	2.02	0.19	-2.02	-0.63	-2.16	-0.20	-3.07	2.93	0.23	
3083.1899484170726
2.10	-3.06	-0.89	-3.01	-0.89	4.04	-3.06	0.43	-3.90	-0.11	-1.19	-3.08	1.08	1.12	-1.19	-0.23	-2.98	1.11	-1.92	-1.23	-0.99	2.18	2.00	-0.70	1.02	0.77	1.03	2.08	-1.88	3.38	
3062.9724022380733
2.30	-0.95	-2.69	0.62	-1.14	-1.01	-0.10	1.17	-2.78	-3.09	-1.91	-0.96	-0.87	3.17	2.80	3.23	1.30	-0.14	-1.02	0.30	0.15	-1.08	1.87	3.94	-1.20	-1.09	-5.01	-0.96	-0.20	-1.00	
3143.607614261939
-0.87	0.02	-0.01	-0.13	-1.56	-0.91	-1.13	-2.13	-1.03	0.96	3.97	3.11	-0.05	0.22	-0.88	1.84	1.23	-1.01	0.19	-1.10	-1.93	1.94	-2.13	3.94	-0.90	0.94	-0.23	0.83	-3.02	-0.74	
3024.7025426234486
3.98	-1.99	-1.00	0.53	-3.17	0.39	-0.70	0.82	1.46	0.90	-0.80	-0.71	1.08	2.09	-0.52	1.90	0.76	-2.16	-0.08	-0.57	0.01	-1.93	-4.96	1.92	-1.19	-3.85	-2.98	0.87	-0.98	1.33	
3130.677607554385
-0.99	1.06	2.96	-1.93	-1.46	-0.19	2.76	1.17	1.11	-1.93	2.25	1.04	1.08	-0.18	2.18	-0.88	1.92	-0.14	3.89	0.06	0.99	-1.10	-0.10	-1.86	-0.76	-1.82	0.78	1.11	1.95	-2.14	
3006.918085372268
-2.95	3.07	-2.94	2.92	2.82	4.04	-0.95	1.17	2.09	0.69	-1.63	-1.85	1.08	3.95	-3.05	3.23	-1.67	-1.23	-2.97	-1.88	2.73	1.71	-1.18	-2.11	-3.92	-0.90	1.90	1.17	3.85	1.22	
3146.236373204649
-0.02	0.03	0.29	-0.61	1.05	0.24	2.87	-0.87	-2.87	-1.99	-0.90	-0.89	2.07	0.01	-2.00	1.90	0.87	-2.16	-1.19	-0.10	-2.15	-1.10	-2.94	1.92	2.00	-2.77	-1.07	0.87	0.98	-2.81	
3094.231159866599
-0.19	1.86	0.04	0.65	-0.85	-2.25	-2.98	-0.20	-3.95	1.86	-0.15	0.04	-2.99	-1.94	-2.86	1.90	0.31	-2.16	-3.03	-0.86	-3.91	1.86	2.01	1.92	2.00	4.03	1.17	0.87	0.98	-2.16	
3046.608671809235
4.04	3.07	-0.34	-0.61	-3.17	4.04	1.12	-0.96	0.16	2.80	0.94	3.08	-0.94	1.89	-3.26	1.90	2.94	-2.16	-1.85	-3.17	0.80	-3.93	0.67	0.08	2.00	-1.93	-1.84	0.87	0.98	-3.97	
3156.5640238295528
3.86	-0.98	1.03	2.08	-0.85	3.15	1.94	-0.85	1.90	0.88	2.05	-1.15	2.92	1.89	0.87	1.90	-1.01	3.03	1.13	-0.00	0.08	2.89	0.67	1.03	2.00	0.03	-2.07	0.87	0.98	1.33	
3049.162302872703
-0.10	1.85	-0.25	-0.61	1.87	4.04	2.13	1.17	-0.20	-1.91	0.32	2.05	1.08	-2.84	2.70	0.89	0.73	-1.18	-0.00	3.34	-1.54	-1.88	1.54	1.19	-2.00	1.00	-4.03	-2.02	1.14	1.02	
3120.5428566526043
1.09	-1.14	0.04	2.94	-2.02	2.00	0.77	2.26	-2.11	-1.00	0.68	-1.08	1.08	3.13	0.83	-2.91	-0.03	-1.15	3.06	0.88	2.98	-0.75	0.16	-1.99	-2.06	1.18	-2.12	3.14	-3.92	0.20	
3080.9662703605914
2.16	-1.96	-3.09	-0.93	2.11	-0.36	-3.25	1.17	3.03	-1.00	0.19	1.03	1.08	-2.18	-1.80	-0.11	-4.00	-1.18	-0.06	-3.07	-1.54	0.76	-1.05	-2.11	2.00	-1.41	-1.76	0.87	0.98	-1.26	
3083.0516073258013
2.90	3.07	-1.78	-0.61	3.05	-2.89	0.35	-0.81	-0.17	-0.06	-2.90	-1.83	0.97	-3.94	0.29	1.90	-2.01	-2.16	-0.74	-0.87	-1.15	-0.18	0.67	1.92	-0.97	-2.07	-1.90	0.87	0.98	1.33	
3026.9240241852267
-0.16	2.85	1.22	0.65	-1.99	3.69	1.12	0.74	-1.79	-2.07	1.62	-3.08	2.82	-1.45	1.95	-1.10	-2.23	-1.01	2.93	-0.86	1.86	-2.05	1.90	3.94	2.77	0.20	2.09	1.95	-1.82	1.38	
3115.518616503413
1.07	3.07	0.12	1.88	1.89	0.16	-1.15	-3.06	-0.64	2.88	-0.14	1.96	1.08	-2.97	-2.21	1.18	-2.87	-2.80	0.21	-2.10	-1.20	-1.86	-0.08	2.10	-1.94	-2.99	3.89	-0.82	0.06	1.00	
3098.1319825318205
-2.04	3.07	0.61	-0.61	-0.15	0.26	0.89	-2.11	-1.81	-1.99	-2.01	-2.91	0.03	1.88	2.70	-1.11	-2.04	-4.12	0.22	1.06	0.02	1.99	-0.10	-2.24	-3.07	-2.87	0.97	-1.90	2.12	-0.79	
3082.1312239945305
-1.28	0.06	0.05	-3.80	-0.85	2.13	-2.85	-2.99	-1.79	-0.75	2.73	-1.48	-1.03	-1.82	1.95	2.82	-2.23	-1.01	-0.03	0.01	-1.34	1.12	0.19	-0.15	1.93	2.06	-2.07	-3.11	-2.15	-1.92	
3132.4441166457946
-1.78	-1.11	1.99	0.99	0.82	-1.00	1.14	-2.19	-0.79	-0.22	0.19	-2.08	-2.08	-0.08	1.04	1.88	-1.77	-3.08	0.76	0.21	0.73	2.97	-2.98	1.04	-1.02	0.92	-3.25	-1.94	-0.22	1.99	
3125.238037951799
-0.16	1.15	-1.19	-2.81	-0.85	-0.91	0.01	-0.78	-1.79	1.90	-1.84	-0.22	-1.92	-1.00	1.95	0.79	-2.23	-1.01	2.06	-2.93	2.05	-1.99	1.25	0.75	-1.15	-1.24	0.66	0.14	1.94	2.07	
3136.2929539237275
3.05	-0.81	-0.06	-0.61	-3.17	-2.09	1.76	1.17	-0.22	2.77	-1.06	-0.06	1.08	0.95	0.00	0.99	-2.02	-2.16	0.22	0.89	-1.17	-0.16	0.67	1.92	-0.11	-2.98	2.06	-3.10	0.98	-0.94	
3162.6192324351687
1.96	0.31	-1.99	0.65	-0.85	1.03	1.07	-1.07	1.08	0.10	-1.98	0.71	1.99	-1.96	1.95	-0.99	-2.23	0.10	1.91	1.02	2.14	1.79	-2.14	1.92	-0.97	1.11	-0.98	2.10	0.98	1.33	
3048.0771633023605
-0.66	3.07	0.08	0.73	2.57	-0.42	-2.94	-0.97	3.98	-1.95	-1.05	-2.16	1.08	-0.12	-0.16	3.23	-2.23	-3.09	1.29	-2.05	-3.02	-3.07	1.54	-0.09	0.70	1.97	1.03	0.87	0.98	1.33	
3079.4728990668855
0.24	-1.89	-0.86	-1.22	2.12	2.00	1.77	1.17	-1.12	-0.53	-1.05	0.74	1.08	-1.83	2.18	-0.09	0.96	2.83	0.38	-0.93	-0.00	-0.58	-2.86	-0.84	2.77	-2.15	3.89	-0.08	0.98	1.33	
3116.0541131636446
-1.91	0.14	-1.70	1.03	-3.17	-3.03	2.01	1.17	0.96	2.93	2.05	-1.90	1.08	-1.82	1.95	1.90	-0.22	3.04	-1.61	1.80	2.96	-0.36	1.99	1.92	2.00	-1.06	-0.02	0.87	0.98	-0.63	
3062.7002963143786
-3.08	1.78	-2.00	-0.61	-3.17	-2.84	-1.08	1.17	0.82	-0.07	1.12	2.12	1.74	-1.91	-2.86	-0.97	2.22	-2.16	-1.85	0.11	-1.47	0.62	-2.20	1.92	2.00	0.73	-3.06	0.87	0.98	1.33	
3131.7121474865407
-1.10	-2.07	-2.05	1.12	0.13	-0.11	2.16	-0.37	-0.06	1.23	0.08	1.10	1.10	1.89	-2.86	1.90	-3.11	0.88	0.08	-1.13	-1.54	0.19	0.29	1.92	2.00	-3.09	-1.95	0.87	0.98	1.33	
3076.4099544944343
0.79	3.07	-0.71	-1.84	-1.17	0.89	0.14	-0.67	-3.10	-0.98	-1.20	-3.11	2.30	1.89	0.73	1.90	-2.11	-0.88	-2.06	-1.93	1.92	0.33	0.67	1.92	1.83	-1.01	0.93	-0.78	-3.96	1.33	
3072.178741620317
-1.19	-1.28	0.85	0.65	0.05	-1.18	-2.98	1.81	-1.79	1.03	0.37	-3.26	-2.10	-1.82	0.20	-0.07	-1.94	0.45	1.88	-2.98	0.61	-2.00	-3.15	2.16	2.00	2.15	-0.12	0.87	0.98	-2.90	
3080.359348024119
1.42	-1.98	-2.20	-0.19	-0.85	-1.07	-1.85	-3.04	-1.79	-1.05	2.87	1.49	2.92	1.89	2.01	1.90	-2.06	-2.01	2.86	-0.94	3.14	-3.01	0.67	1.92	-1.07	1.32	3.00	0.87	0.98	-1.73	
3047.98086390313
-2.12	2.94	-0.86	0.88	-1.91	-4.88	-0.94	-1.86	-2.03	-3.05	0.75	1.46	1.08	-2.91	2.70	0.04	0.36	0.32	-1.04	-0.75	-0.92	0.35	-0.89	0.94	2.77	-0.47	0.90	-2.00	2.02	2.40	
3134.685710919691
0.73	1.95	0.34	-0.99	-0.85	-1.97	0.84	-2.05	1.60	3.05	0.24	0.03	-2.16	1.12	-2.21	-0.29	1.11	-1.01	-3.08	2.01	-0.74	-2.01	1.00	1.92	2.00	2.97	-1.11	0.87	0.98	-0.88	
2995.6574468898502
-2.01	3.07	1.79	-0.61	-3.17	4.04	-1.82	1.17	-0.62	-3.96	-1.97	1.71	1.08	-0.87	2.70	1.19	-3.01	2.13	1.42	2.16	-1.21	-1.93	-2.96	3.94	2.77	-0.29	-0.96	0.87	-1.31	-0.53	
3128.6170348147934
1.01	3.07	-2.05	-0.61	1.94	1.02	-0.84	1.17	-2.22	-2.10	-2.89	-0.86	1.08	1.98	-2.86	0.92	-0.21	0.11	-1.94	0.83	-0.40	-0.81	0.67	-0.07	2.00	-0.15	1.09	0.87	0.98	1.33	
3082.1736944420863
3.91	3.07	1.98	3.95	1.93	1.20	-3.14	1.17	1.06	-1.29	-3.84	-0.94	0.23	-2.15	-2.86	1.94	-0.15	-2.16	-0.84	-0.76	-2.10	1.23	2.91	1.92	1.20	1.20	1.96	0.87	0.98	2.91	
3118.3464564391566
-1.16	3.07	-2.12	-0.06	-1.09	1.10	0.06	-1.01	-1.79	-2.76	-3.02	-0.81	-2.02	1.89	-2.00	1.90	-0.14	-2.16	1.59	0.11	0.87	3.14	0.67	1.99	2.00	3.83	1.08	0.87	1.94	-3.03	
3154.8334743717837
-1.07	0.08	3.07	-0.18	-0.05	-0.59	2.95	-2.01	1.18	0.18	-1.95	-1.13	1.08	1.84	-0.84	0.81	-0.04	0.16	-0.19	0.19	2.07	2.16	-1.95	1.92	2.00	-0.14	1.83	0.87	0.98	1.33	
3116.3771922361734
0.04	0.17	1.00	2.92	-0.85	-0.89	-2.98	-1.11	2.06	-0.23	0.95	0.15	-0.03	-1.82	0.07	-3.26	-2.23	-1.01	2.24	-1.88	3.17	1.79	-2.16	1.06	2.77	-1.94	-2.97	1.91	2.81	-2.03	
