3221.2121236219728
-0.03	-0.11	-1.88	0.90	0.06	-3.99	0.03	-1.99	-0.08	0.91	-0.91	-2.88	-0.87	1.82	1.98	2.09	-0.02	-1.04	1.10	-2.18	1.17	0.04	0.97	-0.01	2.00	1.11	1.00	1.00	1.01	1.10	
3251.4935616761077
-0.11	0.04	-0.98	-2.89	1.89	-1.11	0.14	-1.98	-0.07	-0.10	-1.05	-1.08	0.07	0.96	-0.96	-0.13	-0.95	1.94	-0.17	1.11	-0.03	-0.99	0.96	-0.03	0.98	-1.04	0.88	-2.01	0.07	-1.15	
3178.1655058516844
-1.99	1.77	1.84	-1.86	-0.16	0.89	0.83	3.06	0.92	2.12	-0.12	-2.86	-0.87	3.89	3.11	0.86	1.98	-0.96	-0.04	0.93	-0.98	1.08	1.00	-1.85	-0.07	-1.00	-1.19	-0.07	-0.93	-2.00	
3218.319625011713
-1.15	0.10	-1.10	-0.00	1.87	-1.13	-0.97	-2.01	1.92	0.17	0.05	-1.09	-4.05	-0.05	0.10	0.01	0.95	-0.95	0.99	1.20	0.80	0.15	-3.04	0.98	-0.02	0.03	-0.87	-2.02	0.87	-1.91	
3220.016765956696
1.16	1.11	-2.11	0.11	0.17	1.09	1.96	-0.07	2.02	1.75	1.92	1.92	-0.02	-0.07	-1.00	0.00	-0.19	0.03	0.04	-0.81	-3.05	0.97	-2.00	2.00	0.89	-1.96	-1.06	0.01	1.91	-1.05	
3193.9495608362104
-0.92	-0.97	-1.06	0.31	-3.03	1.00	-0.88	-0.93	-0.95	-1.16	-1.88	-0.18	1.06	0.11	1.73	1.06	-0.03	-1.94	0.97	-0.05	-0.80	1.09	-1.09	-1.16	0.74	0.13	-1.14	-2.90	0.13	-0.15	
3193.0805951808434
0.95	0.04	-1.18	-2.02	0.79	-0.75	-0.78	-0.22	0.89	0.84	-0.91	-1.20	2.94	0.04	1.11	0.06	1.08	0.10	-0.92	1.94	0.10	1.07	-1.94	-1.98	-1.10	1.18	-0.91	-0.07	3.00	-3.00	
3224.695800138469
-0.07	-0.09	0.05	-0.99	2.07	-1.90	1.91	0.01	0.10	-3.08	-0.09	-0.20	0.94	0.86	-0.91	-3.90	-1.04	-1.03	0.97	-0.12	1.14	-0.25	0.02	0.04	3.11	-1.06	0.03	-0.04	0.03	-0.10	
3202.6261081792914
-0.20	-0.07	0.95	2.05	-2.03	1.08	-1.07	0.09	1.07	1.98	-1.15	2.85	0.22	-1.16	-0.05	0.07	0.94	0.05	1.11	1.09	-2.96	1.12	-0.85	-0.11	-0.17	3.00	-2.14	3.02	1.06	-0.96	
3238.9668523803684
-1.86	1.90	-1.01	-1.01	-1.12	-1.15	-0.03	1.01	-2.15	1.07	-0.99	-0.97	-0.06	1.03	0.21	-0.91	-0.07	-1.06	-0.98	1.12	-0.10	1.03	-2.05	1.00	0.89	2.11	-0.17	0.89	-1.11	1.09	
3200.9122554922765
1.02	0.95	-0.90	1.10	1.16	2.10	-3.00	-0.09	0.96	0.06	-1.93	1.97	-1.01	1.74	1.08	0.01	1.83	-1.06	-2.13	0.77	-2.05	0.88	-0.24	0.08	0.09	-1.09	0.83	-1.99	-0.02	-2.90	
3215.4542434274676
0.96	0.85	1.04	-0.94	-0.02	-0.14	-1.92	0.87	2.82	0.91	2.03	-1.05	-0.15	-0.99	-0.79	-1.92	-1.92	0.19	0.16	-0.93	-2.01	0.07	1.86	0.91	-0.06	1.02	-2.11	1.06	1.16	-1.95	
3211.3112714618737
2.96	1.99	-0.94	-0.87	-1.02	-1.99	-0.05	-0.95	0.88	-1.11	-3.09	1.00	-0.94	-0.12	1.77	-0.03	1.04	0.81	0.17	0.91	0.13	-0.03	0.16	0.11	-1.03	-0.14	-1.89	-3.03	-1.15	0.19	
3211.3113861220904
-0.99	-2.10	-0.83	-0.11	2.97	0.13	1.18	-1.99	2.15	-0.11	1.01	1.08	-0.04	0.13	1.02	-0.18	-2.12	1.08	2.99	0.82	1.01	-1.98	1.15	-0.92	0.13	0.12	-2.07	0.08	-1.12	-1.01	
3210.4232650845865
-1.87	-2.07	0.19	1.11	1.03	-1.14	0.13	-0.95	0.09	1.11	-3.03	0.02	2.02	-2.19	0.88	-1.92	1.06	3.10	-1.91	-0.05	-0.12	-0.93	-0.08	-0.17	1.93	-0.89	-0.94	0.14	-1.96	1.01	
3197.946375755164
0.02	-0.96	0.04	3.00	1.13	-1.80	3.00	-0.16	-0.09	-0.84	-2.03	-2.16	1.90	-0.76	1.98	0.11	-0.03	-1.06	-1.01	2.04	1.02	-0.00	-1.86	-2.98	1.83	0.15	-1.94	1.07	0.01	1.18	
3211.9424164236007
-0.13	-1.02	1.10	-0.10	-3.07	0.99	-1.11	-1.95	-2.03	1.88	0.94	-1.12	-1.06	0.18	-2.03	-1.92	2.12	-1.93	-2.10	-1.94	1.15	-0.06	0.05	1.93	-0.12	0.03	0.00	-1.13	-2.95	1.90	
3200.229138362266
2.14	2.00	-1.90	-1.13	0.18	1.20	0.21	-1.99	-0.16	0.11	-1.96	1.00	0.07	0.08	-2.14	0.14	-0.92	-0.94	-1.94	-0.80	0.15	2.88	1.14	-0.09	-1.90	1.05	0.07	-0.90	-1.09	1.91	
3220.1257926086173
-0.97	-1.07	0.80	-0.18	0.97	2.04	-0.13	0.11	3.04	1.06	-0.98	-1.05	0.07	1.02	-0.95	-3.07	-0.97	1.14	-0.93	-1.04	1.16	0.97	-0.91	-0.97	-2.11	-0.21	1.88	-2.08	1.95	1.98	
3204.4385250451246
-2.86	0.92	2.96	1.11	-0.85	0.15	0.86	-0.12	-1.02	0.90	1.14	2.15	-1.04	0.85	-0.90	-0.09	-2.89	1.11	-1.20	1.03	-1.01	-1.06	-1.02	0.98	0.19	3.05	0.01	0.15	2.06	0.99	
3207.5088583641405
0.03	1.14	1.94	-0.99	-0.21	-0.90	0.18	0.17	4.00	2.95	-0.94	1.04	1.11	-0.05	1.99	1.10	1.12	-0.05	1.07	0.82	3.07	-1.20	0.91	1.04	-0.01	1.08	0.04	-3.03	1.01	-1.08	
3222.4139702992193
0.94	0.68	1.03	-1.91	-0.01	0.05	1.91	0.97	-1.85	-1.07	-1.13	1.81	0.97	-0.14	1.13	-0.04	0.94	-0.92	1.79	-0.98	0.08	-2.05	-0.04	-0.95	-0.06	2.90	0.96	1.19	0.01	1.08	
3250.3080560626445
0.98	-1.13	-1.04	1.97	-0.01	-1.10	1.97	-0.01	-1.03	-0.98	-1.92	0.77	-0.15	-0.90	1.00	1.14	-2.15	-0.13	-0.15	-0.02	0.93	-0.94	0.97	0.09	-0.07	0.89	-1.02	-0.03	0.03	2.04	
3231.1591769127767
-0.92	-0.99	-0.99	-0.99	0.04	-1.02	1.01	1.02	-0.00	0.97	-0.96	1.01	-2.00	0.15	-1.25	-2.16	-0.00	0.97	1.16	-1.95	-0.89	1.03	-0.04	2.12	1.02	2.16	0.25	-0.17	1.14	0.16	
3213.910375278966
0.90	-2.15	1.07	0.77	-0.05	-1.85	-1.02	0.09	0.06	2.16	0.05	-3.00	2.05	1.11	0.09	0.93	-1.84	1.94	-2.92	0.95	0.84	1.97	0.06	0.03	-0.08	-1.98	-0.06	-1.99	0.07	-1.17	
3240.626969756159
0.05	-0.01	0.11	2.04	-0.02	-1.04	-0.02	-2.02	-1.88	-0.07	0.10	0.86	-1.17	-0.94	-1.07	1.96	2.86	-1.11	1.07	-0.04	-1.86	-1.92	-0.00	-0.06	-2.09	-2.08	-2.00	-0.03	-1.03	-0.96	
3230.515912086204
-1.01	0.11	-1.09	1.07	-0.09	0.94	-2.78	2.08	0.12	0.15	-2.01	-2.04	1.99	-0.92	-2.04	1.13	1.01	0.95	-1.13	1.00	-0.97	0.98	-0.02	-0.14	-3.02	-1.13	-1.08	-1.02	0.93	-2.01	
3227.9739363458666
1.85	-2.06	-1.08	-0.08	0.10	-0.04	-2.05	0.05	-0.99	-1.02	1.87	0.89	2.88	1.09	-0.09	1.89	-1.11	1.13	0.21	-0.10	-0.05	-0.96	0.98	-1.03	0.14	-1.10	-0.97	-0.14	-0.16	-1.84	
3215.3210347983227
-1.25	0.10	0.12	-1.02	0.01	0.09	1.28	0.02	-0.81	-0.09	-0.02	-0.82	-0.13	0.07	-1.15	0.09	1.98	-0.04	0.89	1.16	-1.05	-0.79	-1.99	0.96	-0.03	-4.13	0.92	-0.10	-0.96	-0.97	
3210.482589731396
-1.07	1.91	-0.10	-1.03	-0.02	-1.79	-2.85	-0.08	0.05	2.02	0.16	-0.95	0.99	-0.88	-2.10	-0.98	-0.91	0.95	-1.96	-1.07	-2.92	2.24	0.91	1.90	2.11	-0.10	-0.93	1.13	-2.10	-0.02	
3202.9575152009643
-0.03	-0.89	1.16	0.76	-1.03	-1.98	-3.05	-0.75	0.94	1.97	2.10	-1.07	-0.06	3.00	0.00	-0.08	3.03	-0.15	0.93	0.06	0.99	0.24	1.02	-0.04	-0.93	0.20	0.97	-1.64	-0.01	-0.00	
3195.7689500474357
-0.83	1.09	1.09	2.03	-0.78	-1.00	-1.07	1.12	-2.06	-0.07	1.04	-0.00	0.89	-0.89	1.11	2.95	-2.99	-0.98	0.01	0.16	-0.04	-0.23	1.91	0.67	1.77	-0.88	1.92	0.87	-0.84	-2.00	
3209.117171240486
0.99	-0.13	-0.92	-2.90	1.94	-0.91	-1.02	-2.09	-1.00	-1.85	-1.16	-2.96	-0.94	1.00	1.05	1.08	0.00	1.83	-2.01	-0.13	1.96	-0.07	-0.09	-3.01	1.99	0.83	-0.05	-1.92	-1.97	3.04	
3208.668640137103
-1.00	-1.08	0.03	0.99	1.00	-1.86	0.84	-1.01	0.17	2.11	-0.15	2.00	2.99	-0.81	-2.02	0.12	-0.96	2.01	-1.01	0.20	3.03	1.21	1.11	-1.03	0.92	1.97	0.05	-1.03	2.85	-1.09	
3212.1660095088705
-0.01	0.02	0.75	1.98	-1.02	0.07	-0.20	0.03	1.03	-1.03	1.00	0.22	-1.21	1.03	2.99	-1.94	1.04	-1.05	0.84	-1.89	1.21	0.10	1.14	1.86	1.78	0.05	1.97	-0.07	-0.94	2.00	
3200.2853731864134
-1.97	1.86	0.10	-2.01	-0.79	-1.96	-1.09	-0.03	0.02	-1.10	0.78	-0.06	-3.01	-0.96	1.72	0.23	-1.09	-1.09	1.04	-2.00	1.83	-1.01	0.02	1.00	-2.13	1.10	-0.75	-0.06	0.16	-0.10	
3233.5436198820357
0.96	-1.98	1.94	0.84	0.86	1.21	-0.09	-1.02	-0.97	1.00	-0.82	-0.07	-0.84	0.79	-1.84	0.11	0.84	0.08	0.97	-0.03	-0.93	0.15	-0.95	0.99	1.02	-1.87	-0.11	-0.04	0.03	2.06	
3212.084404196639
-3.07	1.12	-0.03	-1.90	1.87	-0.01	0.90	-0.91	0.07	2.11	0.86	-1.86	-2.13	0.91	2.01	0.08	-1.00	0.22	1.09	-2.02	-1.08	1.11	-1.02	-3.12	0.94	-0.02	0.87	1.06	1.13	-0.13	
3228.8328549360454
-3.01	1.81	-2.12	-0.01	-0.08	0.03	-0.14	1.08	-2.99	-0.05	1.10	0.15	-2.09	-0.97	0.12	0.99	2.08	2.05	0.98	2.00	1.01	0.95	0.15	-0.03	-0.06	-0.07	1.83	-0.98	2.08	1.01	
3205.79571164108
0.87	2.03	-2.10	3.11	-1.14	-0.13	1.17	-2.02	0.02	0.10	-0.92	-1.15	1.04	-0.85	1.96	0.27	-0.01	0.04	1.90	-0.04	2.01	0.81	1.04	-0.89	2.15	2.02	0.00	-1.98	0.89	-1.90	
3207.2888444593805
0.93	-0.96	0.99	-2.05	0.19	2.06	2.03	1.14	0.84	-0.01	-1.02	1.06	0.16	-1.26	3.10	0.20	1.15	-0.18	2.07	1.94	1.80	-0.86	0.90	-0.01	-1.04	-0.96	1.03	-0.90	1.96	0.98	
3237.4710728099913
-1.01	-0.83	0.07	2.01	1.16	0.97	-1.03	-1.15	-0.22	-0.09	2.07	-0.03	-0.90	0.07	0.87	0.98	2.22	2.89	-0.97	1.07	-0.98	0.05	-1.08	2.08	-0.94	1.01	-0.10	-0.06	0.05	-1.04	
3228.8920692109423
1.02	0.11	0.93	2.06	0.03	1.90	-0.12	-1.07	0.92	0.90	-0.82	0.07	-0.09	0.08	-3.04	-1.16	0.21	-2.03	0.03	-2.02	1.89	-0.99	-1.13	1.04	2.07	-0.17	-0.11	-0.15	-0.95	1.11	
3214.4562704181353
0.04	-1.23	-3.05	1.03	2.04	-0.15	-1.80	1.15	-1.01	-1.82	-0.00	1.00	-0.94	-0.15	-0.12	0.01	-0.11	1.07	-1.14	-0.99	-0.06	1.91	1.98	1.22	0.16	-0.91	0.06	-2.04	1.05	-0.84	
3204.7992742126844
0.04	0.96	1.83	-0.07	2.00	0.07	-1.97	0.06	-2.87	2.84	1.01	-1.10	0.13	0.92	1.98	-1.98	-0.83	-0.04	2.88	0.00	-0.98	0.87	-0.06	-0.97	-0.08	1.84	-1.15	1.10	1.12	1.68	
3194.128707697386
-2.04	-0.86	-0.91	-1.11	2.91	2.17	-0.90	0.06	0.09	0.78	-0.05	-1.05	-1.07	-0.32	1.93	1.89	2.10	1.18	0.14	2.03	0.92	0.80	-0.01	-2.20	-1.01	-1.98	-1.00	-1.06	0.13	-1.15	
3216.843081905424
-0.92	0.05	-2.04	3.08	-0.00	1.07	1.96	-2.16	-2.11	0.91	-1.11	-1.91	-1.96	-1.93	-0.86	-0.85	-2.05	-0.90	0.94	-0.82	-2.04	0.97	0.01	-1.97	-0.03	-1.96	-0.00	1.92	2.04	1.13	
3203.81308402204
0.01	1.14	-0.99	1.08	-0.92	-0.96	1.10	-0.06	-0.07	1.01	4.01	0.82	-0.09	-1.03	2.94	-0.80	2.20	0.95	1.01	3.99	0.90	0.97	1.98	0.86	1.81	2.13	-0.90	0.00	0.96	-0.90	
3209.375054305771
-0.14	-2.84	1.88	-1.01	0.04	-0.99	1.01	-1.01	-3.08	0.95	1.03	1.92	1.88	-0.08	-1.14	2.24	2.95	-0.04	-1.19	-0.06	0.05	-0.92	-1.04	-1.16	-0.86	-1.95	-1.90	-0.04	-1.94	-1.00	
3202.9196329204674
1.07	1.04	1.07	-1.04	1.14	1.86	-2.00	-3.06	-1.00	2.06	-1.00	-2.01	-1.16	-0.79	-1.10	1.83	-1.98	-1.93	-1.90	-1.06	2.09	1.77	-0.14	0.05	2.96	-0.98	0.06	-1.05	-1.93	1.07	
