2981.592817438187
0.69	-0.83	-0.17	-0.55	0.71	-1.35	1.11	-0.89	1.44	-0.05	0.07	0.50	-1.06	-0.73	-0.60	0.09	-1.16	-0.45	0.85	-0.33	-1.31	1.26	1.11	0.75	-0.07	0.56	0.51	-0.28	0.19	0.13	
2975.3550744600984
-0.63	-0.80	0.91	1.41	-0.01	0.79	0.38	-0.14	-1.87	-1.46	-0.99	-1.98	0.88	0.35	0.56	0.94	-0.25	0.82	-0.01	0.01	0.11	-0.32	-0.22	0.86	1.38	-0.51	1.39	-0.87	-0.69	-0.63	
2973.1331978562152
0.51	0.72	-0.72	-1.72	-0.48	0.54	0.34	-0.04	-0.96	0.82	-0.13	1.73	0.30	0.42	-2.61	0.01	-0.79	1.25	-0.91	-0.10	0.74	2.13	0.16	0.41	-0.05	-0.43	1.29	-0.19	-0.27	-0.19	
2985.081894425376
0.57	0.60	0.02	0.39	0.34	0.83	0.11	0.99	-0.13	-0.94	0.29	-1.21	0.20	-0.11	-1.10	0.01	-0.55	0.12	-1.24	0.07	0.27	-0.58	0.70	-0.64	1.36	-0.42	0.30	1.79	-0.00	-0.24	
2984.8356500764125
0.11	-1.75	-0.23	-0.71	-0.52	0.27	0.23	-0.53	-0.38	-0.49	-0.56	1.17	-0.57	-0.13	0.74	0.95	0.73	1.00	0.93	0.21	-0.93	-0.34	-0.35	-0.58	0.31	1.42	0.24	-0.91	-0.38	-0.11	
2986.732179368484
-0.85	-0.24	0.09	-0.02	-0.14	-0.09	1.30	0.58	0.48	-0.09	0.54	-0.50	-0.95	0.29	-0.52	0.32	-0.20	-0.25	-0.48	-0.74	-0.38	-0.33	-1.46	-1.53	-0.58	-0.21	-0.13	-0.11	-0.74	1.31	
2990.2187667870453
0.36	-0.37	-0.61	0.64	-0.43	0.18	-0.51	-0.13	-0.46	-1.11	0.35	0.07	-0.59	-0.56	-0.22	-1.30	0.47	-1.17	0.35	0.16	-1.15	-0.05	-0.37	0.26	0.29	-0.46	0.55	0.13	-0.57	-0.24	
2987.3643502358536
-0.30	-0.27	0.43	-0.20	0.61	0.78	0.00	0.55	0.35	0.16	-0.92	0.40	0.04	1.25	-0.70	-0.72	-0.25	1.23	0.98	0.45	0.53	-0.14	1.03	0.09	-0.36	-0.39	0.45	-0.22	-0.75	-1.42	
2984.9952391135976
0.72	0.68	-0.55	-0.65	-0.57	0.63	-0.23	0.53	0.36	-0.05	0.22	-0.29	0.73	-0.17	-0.96	0.98	-0.54	0.66	-1.27	1.09	-0.20	-0.72	-0.18	-0.34	0.72	0.74	0.83	-1.64	-0.93	-0.07	
2977.017316433949
-0.70	0.38	-1.40	0.87	0.00	-0.09	-1.13	-0.88	-0.85	-0.51	0.28	0.49	1.03	-1.08	-0.48	1.01	-0.23	-0.69	-1.71	0.54	0.40	2.06	-0.11	-0.44	-0.51	-0.01	1.75	-0.40	0.55	0.81	
2986.47236210723
-0.51	0.08	-0.05	-0.67	0.67	-1.24	0.27	-0.24	1.13	-0.15	0.21	0.98	-0.84	1.01	-0.11	-0.73	0.28	-0.43	0.39	0.85	0.39	0.11	-0.80	-0.98	0.12	0.42	-0.84	0.90	-0.20	-1.22	
2983.800993936
-0.15	-0.68	0.04	0.52	-1.28	0.08	0.11	0.90	-0.83	0.33	-0.28	-0.60	-0.60	1.07	0.34	0.28	-0.06	-0.32	-0.64	0.67	-0.31	-1.71	-1.37	-0.76	-0.07	1.11	1.02	0.36	1.07	-0.11	
2981.9684769155047
-0.14	0.39	-0.90	0.19	-0.17	1.35	0.44	-0.16	1.05	-1.58	1.61	0.57	-0.05	0.06	-0.88	0.68	0.11	0.05	-0.07	-0.63	0.22	-0.87	-0.88	1.12	0.79	0.67	-1.18	-0.18	-0.28	1.16	
2987.6091349274557
0.54	-0.50	-1.20	-1.16	0.27	-0.02	0.12	-0.53	-0.57	0.12	-0.62	0.17	0.57	-0.18	-0.66	-1.09	-0.29	-0.38	0.33	0.99	-0.22	0.22	0.75	0.05	0.23	-0.50	-1.00	-1.51	0.13	0.61	
2982.064388192529
0.76	0.82	0.04	1.60	0.65	-0.08	0.39	0.59	-0.79	-0.46	-0.57	0.67	-0.96	-1.23	0.19	-0.63	-0.43	-0.40	0.33	0.80	0.09	-1.01	-1.74	-0.24	0.74	-0.79	0.53	-0.37	1.24	0.64	
2983.4167816317718
0.58	0.07	1.76	-0.67	0.01	-1.44	-0.06	1.58	0.41	-1.09	-0.00	-0.85	-0.95	0.91	0.41	-0.31	-0.49	0.32	-0.95	-0.38	-0.50	0.57	0.51	0.53	-1.16	0.01	0.13	-0.08	0.40	0.14	
2984.2170326276346
0.47	0.29	1.25	0.88	-0.22	-0.75	1.69	-0.88	0.69	-0.02	-0.66	1.05	-0.31	-0.77	0.54	-0.14	-0.81	-0.29	1.63	0.24	0.25	-0.74	0.24	-0.40	0.29	-0.54	0.70	0.72	-0.49	-0.10	
2979.8174430875993
0.03	-1.00	-0.37	0.88	0.41	-0.40	0.17	0.05	1.13	0.35	-0.72	0.44	-1.75	0.91	-0.09	0.97	-1.46	0.43	0.42	0.18	0.97	0.40	-2.33	-0.15	0.66	0.87	0.54	0.15	-0.40	-0.45	
2993.9318298718267
-0.28	-0.43	0.39	0.20	0.45	0.47	0.12	-1.17	-0.57	-0.45	0.20	0.67	0.43	-0.35	0.26	-0.63	0.34	-0.03	-0.39	0.03	0.56	-0.12	-0.70	0.10	0.17	0.03	0.24	-0.74	0.48	-0.24	
2983.1060392032414
-1.46	-0.37	0.75	-0.21	0.83	0.71	-0.58	0.56	1.43	-0.21	0.39	-0.95	-0.33	-1.30	0.45	0.13	-0.09	-0.22	-0.38	-0.32	0.14	-1.22	-0.40	-1.32	-0.10	0.33	-1.47	-0.08	-0.89	-0.50	
2983.5875923032845
0.20	-1.16	0.86	0.13	1.55	0.62	-0.23	1.00	0.75	0.65	-0.84	0.68	-0.46	-0.41	-1.10	0.49	-0.51	-1.11	-0.25	-0.56	-0.21	1.08	-0.85	-0.73	-0.86	-0.84	0.06	-0.66	0.48	0.02	
2989.6106865340766
0.40	-0.55	-0.13	0.16	-0.98	0.88	0.18	0.58	0.22	-0.40	0.65	1.35	0.33	0.07	-0.14	0.03	0.66	-0.54	-0.06	-0.39	0.75	0.54	1.37	-0.44	-0.29	0.73	0.26	-0.71	-0.40	-0.18	
2978.939584580746
0.06	0.41	0.18	0.34	-0.08	-0.47	1.00	0.82	-0.03	-1.94	-0.65	-1.42	0.65	0.69	-1.56	0.86	0.49	0.71	-0.05	-1.15	-1.71	0.16	-0.03	-0.39	0.57	-0.80	0.89	0.80	0.23	0.97	
2982.974163578802
-0.22	0.44	-0.62	0.20	-0.30	-1.00	1.11	1.08	-0.89	0.44	-0.99	-0.51	0.18	-0.09	-1.13	0.63	-0.51	-0.46	0.96	-1.53	-0.45	-0.06	0.13	-0.59	0.51	1.23	0.52	0.59	-1.35	0.64	
2976.12166047101
1.11	-0.99	-0.06	-2.61	-0.70	0.81	0.24	-0.43	0.95	-0.08	-1.11	0.51	-1.13	-0.89	-0.38	0.63	-0.62	-0.45	0.35	1.47	-0.66	-0.11	0.83	0.21	-1.72	0.48	-0.77	0.19	0.08	-0.79	
2984.0506162327956
0.95	-0.87	-1.10	-0.10	0.12	0.18	0.14	0.78	-0.11	-0.02	-0.16	-0.06	-0.18	-0.69	1.06	-0.72	0.11	1.78	0.29	-1.20	0.09	1.20	-0.21	-1.41	-0.09	-0.17	-1.22	-0.02	-0.32	-0.57	
2980.8907264983523
1.10	-1.07	0.00	0.56	-0.10	-1.06	-1.24	-0.27	0.17	1.67	-0.53	-0.30	0.37	-0.02	-0.12	-1.53	-0.52	0.29	1.62	-0.22	-0.53	-0.09	0.63	-0.86	-0.87	0.66	-0.86	0.68	-0.75	0.79	
2989.826354551499
-0.04	-0.01	0.92	0.27	-0.55	-0.03	0.05	0.87	-1.14	0.32	-0.60	-0.29	0.25	0.39	-0.00	-0.25	-0.44	0.84	0.22	1.37	-0.58	-0.19	-1.07	0.53	-0.49	0.78	0.16	0.62	0.38	0.24	
2981.390985855957
-0.26	-1.14	0.05	0.51	0.35	1.19	-0.02	-0.15	-0.63	0.07	-0.39	-0.77	0.94	1.24	-0.98	0.41	0.82	0.40	0.68	-0.95	-1.09	-0.16	0.48	-0.99	-1.18	-1.20	-1.18	-0.13	0.08	-1.35	
2985.18545046708
-0.05	-0.14	0.26	0.79	-0.40	-0.53	-1.31	1.10	-0.66	0.21	0.05	-0.56	0.25	-0.17	-0.64	-0.99	0.79	-0.84	-1.37	-0.82	-0.04	-0.27	1.34	0.96	-0.97	-0.06	0.86	-0.25	-0.26	-0.03	
2984.381482247535
0.16	-0.13	-0.10	1.08	-0.83	0.80	0.29	-0.14	-0.67	0.29	1.43	0.18	0.15	0.59	0.44	-0.09	-0.54	-0.52	1.16	-0.59	-0.11	0.01	0.90	-1.16	-0.76	1.43	-0.83	-1.02	0.64	0.79	
2980.4589682010396
0.95	-0.52	1.24	-0.37	0.59	-1.17	-0.45	-0.14	1.20	0.05	-1.01	0.89	-0.51	0.01	0.57	-1.50	-1.04	1.55	0.10	-0.28	-0.47	-0.43	0.17	-0.24	-0.96	-0.67	0.93	0.35	1.04	-1.06	
2980.4961609476463
0.87	0.11	-0.15	0.33	-0.97	0.29	-1.11	0.74	0.77	-0.30	0.14	1.03	0.70	-0.43	1.26	-1.13	0.63	-1.56	-0.37	0.75	-0.80	-0.22	-1.25	-0.74	-0.67	0.05	1.70	-0.30	-0.45	0.72	
2981.385924858354
0.38	1.72	-0.47	-0.54	-0.15	0.90	-0.06	0.41	-0.40	0.95	0.09	0.99	-0.65	-1.03	-0.30	0.72	0.48	0.97	1.68	1.62	-0.03	0.31	0.04	-1.07	0.43	0.50	-0.10	-1.04	0.52	-0.45	
2977.4300680714573
0.42	0.48	0.59	-0.56	0.73	0.40	-0.86	-0.58	-1.13	-0.32	0.76	1.18	0.26	1.10	-0.02	-1.05	-0.14	0.25	0.29	-0.22	-2.52	1.74	1.59	-0.54	-0.07	0.29	-0.71	1.00	-0.09	-0.03	
2977.3877098635103
-1.16	0.80	0.84	-0.19	-0.02	0.71	0.99	-1.39	1.44	0.16	-0.29	-1.96	0.56	-1.18	-0.79	-0.31	0.40	-1.01	-1.69	-0.91	1.36	0.02	0.14	0.49	0.53	-0.43	-0.01	0.05	-0.75	0.13	
2986.9703621669187
0.23	-0.30	-0.37	0.27	-0.38	-0.20	0.80	0.66	0.46	0.40	-1.01	-1.07	0.88	-0.41	-0.44	-0.28	0.20	0.52	1.43	0.25	-0.29	-0.92	0.68	0.05	0.45	-0.11	-0.32	0.66	0.36	-1.73	
2984.4561684937194
0.13	-0.29	-0.12	0.57	-0.42	0.06	-0.78	0.73	0.01	0.06	-0.49	-0.89	-1.16	0.98	0.56	-0.61	0.85	0.46	1.38	0.03	0.66	0.58	0.49	-0.74	-1.38	1.64	-0.32	-0.38	0.16	0.68	
2990.7217528532337
-0.06	0.46	-0.22	0.13	-0.80	0.02	-0.52	-0.40	0.30	0.02	0.20	-0.93	-0.24	-0.03	0.47	0.87	-0.01	0.55	0.63	-0.07	-0.89	-0.13	-0.01	1.69	-0.09	-0.21	0.87	0.29	0.75	0.27	
2984.585127247536
-1.09	-0.36	1.46	-0.26	0.18	-0.79	0.16	-0.52	-0.38	-0.07	-0.38	-0.17	-0.06	-0.01	-0.87	-0.74	0.05	-0.03	1.29	0.87	-0.59	-0.65	0.86	1.05	-1.74	-0.99	-0.29	0.12	-0.18	-0.35	
2982.7177640153923
0.38	-0.29	-1.77	0.93	0.02	0.26	-0.34	0.43	-0.66	0.61	-0.08	0.37	0.32	1.00	0.73	1.39	1.95	0.84	-0.04	-0.93	-0.06	-0.53	-0.73	-0.12	-1.10	0.20	0.01	0.44	0.71	0.10	
2984.3832733755034
0.35	0.12	0.74	-0.01	-1.32	-0.09	1.79	-1.03	-0.71	0.77	-0.11	1.11	-0.00	-0.18	0.55	-0.23	0.24	0.54	-0.43	0.09	-0.23	0.76	0.80	0.95	-0.52	0.48	-0.29	1.19	-0.56	-1.08	
2986.99599176631
-0.32	0.28	-0.84	0.03	0.03	1.64	1.27	-0.14	-0.03	-0.16	0.19	-0.38	-0.09	-0.06	-1.30	-0.02	-0.37	-0.44	0.87	0.52	0.14	-1.12	0.38	0.47	-0.59	0.16	0.32	0.21	-0.86	-1.27	
2986.4766223820457
0.90	-0.10	0.86	0.49	0.04	0.73	0.23	-0.43	-1.47	0.35	-0.73	1.07	-1.08	0.30	-0.39	0.80	0.00	-0.27	0.29	0.44	0.15	0.26	-0.74	0.02	-0.04	-0.46	-0.94	-0.12	1.56	-0.62	
2987.751553764358
0.98	0.59	-0.15	-0.39	0.55	0.04	-0.80	1.03	0.63	0.45	-0.87	1.22	0.09	-0.59	-0.13	-0.43	-0.06	-0.26	0.38	0.96	0.30	0.03	0.09	-0.81	0.20	-0.41	-0.08	1.65	0.50	0.53	
2986.75626455059
0.56	-0.23	-1.77	0.05	0.95	0.08	-0.50	0.37	-1.00	0.49	0.02	0.07	-0.03	-0.85	-0.81	-0.29	1.46	0.51	0.92	-0.67	-0.37	1.00	0.12	-0.21	0.21	0.61	-0.13	-0.13	0.18	-0.58	
2975.8718230733593
-0.34	0.69	-0.51	-0.25	-0.40	-0.20	-0.47	0.62	0.92	-1.22	-1.80	-1.31	-0.09	-0.50	0.01	-1.35	-0.21	1.53	-1.02	0.36	-0.63	-0.76	2.18	0.07	0.79	-1.35	-0.22	-0.24	-1.05	0.28	
2986.0629498723215
0.08	-0.28	0.42	-0.15	-0.30	-1.21	0.10	0.03	-0.05	-0.92	-0.82	-0.06	0.84	-1.69	1.03	0.57	0.22	-1.06	0.37	-0.33	-0.48	0.96	-0.64	0.70	0.90	-0.41	-0.33	-0.79	0.54	-0.35	
2979.1912517712744
-0.70	0.43	-0.70	-0.44	1.04	-0.33	0.68	0.91	-0.44	-0.87	2.49	0.24	0.48	-1.13	-0.02	0.23	0.97	-0.06	0.92	0.81	0.32	-0.08	-0.04	-0.86	1.12	0.54	0.12	1.39	-1.02	0.61	
2989.93203762501
-0.08	0.36	0.73	-0.39	0.23	-0.50	-1.30	0.11	-0.81	0.39	-0.38	-0.77	-0.02	-0.30	1.08	0.62	0.98	-0.13	-0.03	-0.72	0.24	-0.41	0.07	-0.01	-0.54	0.27	1.04	0.13	0.11	0.91	
