2996.813319766884
-0.38	-0.19	-0.62	0.09	-0.38	-0.12	-0.08	0.04	0.01	0.09	0.47	0.27	0.08	0.09	0.24	0.29	0.03	0.13	-0.15	-0.61	0.06	-0.83	-0.30	-0.71	0.09	0.21	-0.01	-0.05	-0.05	0.48	
2997.2922120300773
0.02	-0.90	-0.38	0.26	-0.11	0.04	0.34	-0.37	0.02	-0.12	-0.49	-0.42	-0.22	-0.27	0.09	0.35	-0.17	0.06	0.22	-0.35	-0.11	0.10	-0.11	0.04	0.64	-0.05	0.26	0.02	-0.08	-0.05	
2996.0948003304147
0.13	0.17	0.14	-0.01	-0.26	-0.12	-0.82	-0.01	0.04	-0.00	-0.21	0.21	-0.03	-0.37	0.62	0.01	-0.27	-0.45	-0.51	-0.44	0.24	0.07	-0.06	0.59	-0.31	0.27	0.80	0.56	-0.23	-0.39	
2997.829218028725
-0.07	0.01	-0.18	0.14	-0.11	-0.02	-0.12	-0.39	0.23	0.13	0.17	0.48	-0.22	0.37	0.32	0.39	-0.72	0.46	-0.21	-0.03	0.11	-0.13	0.19	-0.01	-0.37	-0.21	-0.14	0.02	-0.17	-0.30	
2996.2418481053014
0.12	0.27	0.01	-0.13	0.62	-0.27	0.13	0.00	-0.52	0.36	0.34	-0.02	0.27	0.26	0.06	-0.24	-0.69	0.12	0.20	0.00	0.06	0.67	-0.11	-0.97	0.03	0.49	-0.13	-0.27	0.16	-0.37	
2996.777642317992
-0.26	-0.09	0.96	0.15	-0.11	-0.12	-0.04	0.29	0.11	0.16	-0.12	-0.33	0.18	0.01	0.34	-0.60	-0.09	0.10	-0.17	-0.59	0.37	0.19	0.12	-0.06	-0.11	-0.48	-0.03	0.14	0.15	-0.75	
2996.907984581284
-0.01	-0.43	0.77	0.29	0.12	-0.30	-0.39	-0.01	0.33	-0.10	-0.12	-0.15	0.26	0.06	0.11	-0.80	-0.51	0.64	0.03	0.17	0.20	0.30	0.20	0.06	-0.14	0.07	0.18	-0.25	0.24	-0.16	
2996.441392285526
-0.27	0.54	-0.22	-0.13	-0.06	0.49	0.60	0.01	-0.19	0.31	-0.08	0.03	-0.25	0.19	-0.11	-0.33	-0.01	-0.19	0.12	0.07	-0.37	0.10	-0.01	0.36	0.20	-0.08	-0.87	-0.03	-0.16	-1.00	
2997.274647617925
-0.24	-0.29	-0.28	0.21	-0.19	0.23	0.32	0.08	-0.08	0.55	-0.36	0.25	-0.33	0.13	-0.31	-1.03	-0.09	-0.31	-0.13	0.02	0.43	0.04	0.01	0.03	-0.16	0.11	0.22	-0.14	-0.16	-0.18	
2998.3209893477597
-0.16	0.12	-0.13	-0.06	0.35	-0.19	-0.04	0.24	-0.05	0.08	-0.27	0.12	-0.47	-0.02	0.05	-0.08	-0.27	-0.20	-0.34	0.44	0.25	0.22	-0.01	-0.12	-0.23	0.32	0.33	-0.05	0.08	-0.51	
2997.1125972236846
0.40	-0.11	0.06	-0.13	-0.16	0.31	-0.26	-0.14	-0.25	-0.28	0.44	-0.77	0.19	0.24	-0.56	-0.26	-0.02	0.06	-0.63	0.00	0.13	-0.55	-0.00	0.29	-0.21	-0.00	0.11	-0.45	-0.09	-0.11	
2997.531130624328
0.06	0.52	0.26	0.20	-0.35	-0.20	-0.25	-0.00	-0.17	0.21	0.46	-0.15	0.07	-0.30	0.62	0.34	0.09	0.10	-0.21	0.62	0.04	-0.02	0.02	-0.44	-0.23	-0.13	0.26	0.41	-0.04	-0.07	
2997.1353094570222
0.29	0.11	0.24	-0.80	0.21	-0.76	-0.41	-0.38	0.42	0.02	0.03	-0.20	-0.17	-0.11	0.02	-0.13	0.02	-0.52	-0.02	-0.37	0.54	-0.27	-0.14	-0.08	-0.09	0.03	-0.18	0.13	0.01	-0.05	
2998.519235043138
0.10	-0.20	-0.30	-0.22	-0.33	0.19	0.03	-0.26	-0.03	-0.18	-0.17	-0.15	0.07	0.32	0.39	0.09	0.24	0.12	-0.45	-0.32	0.50	0.06	-0.06	0.03	0.20	-0.22	0.10	-0.02	-0.04	-0.02	
2997.5245320953272
-0.29	-0.32	0.00	0.04	-0.44	-0.41	-0.20	-0.15	-0.46	-0.22	0.29	0.22	-0.11	-0.15	0.29	0.20	-0.43	-0.14	-0.39	-0.41	-0.05	0.32	-0.14	-0.03	0.13	-0.17	0.78	-0.10	0.10	0.01	
2997.5349599834612
0.25	-0.04	0.02	-0.30	-0.32	0.16	-0.57	-0.05	-0.02	0.18	-0.52	0.23	-0.11	-0.01	0.06	-0.12	0.59	0.13	0.04	0.18	-0.17	0.41	-0.06	0.08	-0.45	-0.27	0.56	-0.40	0.27	-0.23	
2997.7100482267338
-0.25	0.20	-0.15	0.19	-0.12	-0.40	0.15	-0.43	-0.02	-0.38	-0.27	-0.01	-0.30	-0.63	-0.04	0.09	-0.09	-0.22	0.37	0.22	0.03	-0.01	-0.66	0.13	0.32	0.39	0.08	-0.06	-0.18	0.22	
2996.667547205841
0.34	0.30	-0.00	0.37	0.10	-0.42	0.30	-0.58	-0.37	-0.31	-0.40	0.02	-0.28	-0.05	0.43	0.31	0.13	-0.15	0.12	0.41	-1.01	-0.41	0.35	0.03	0.05	0.19	0.01	-0.13	-0.20	0.02	
2997.3179203417812
0.03	-0.11	0.20	0.13	-0.12	0.10	-0.16	-0.34	0.32	-0.11	-1.03	0.28	-0.16	0.03	0.25	-0.16	-0.01	-0.14	0.26	-0.74	-0.11	-0.02	-0.42	-0.25	0.18	0.26	-0.02	0.00	0.09	0.28	
2996.239698902374
-0.24	-0.04	-0.20	-0.06	-0.25	0.04	-0.02	-0.53	0.19	-0.08	-0.82	-0.23	1.03	-0.03	0.00	0.24	0.04	-0.72	-0.07	-0.15	0.04	-0.04	0.06	-0.21	-0.23	-0.05	-0.41	0.43	-0.15	-0.63	
2997.627288064836
0.05	-0.15	-0.40	-0.03	0.07	-0.10	0.49	-0.13	-0.02	-0.03	-0.33	0.06	0.12	0.05	-0.08	-0.54	-0.27	-0.60	0.29	-0.23	0.19	0.18	0.14	-0.06	-0.04	0.29	0.62	-0.01	-0.03	0.60	
2998.1264411236657
0.21	-0.47	0.15	0.17	-0.18	-0.31	-0.21	0.42	-0.01	-0.26	-0.22	-0.14	0.37	-0.34	0.14	-0.22	0.55	0.15	-0.12	-0.50	-0.04	-0.12	-0.06	-0.04	-0.03	0.18	-0.04	-0.02	0.31	0.04	
2998.1934749469997
0.32	0.36	0.48	0.23	-0.06	-0.20	0.23	-0.32	0.10	0.12	-0.34	0.21	0.10	0.34	0.01	-0.13	0.19	0.09	0.01	0.20	-0.00	-0.02	0.14	-0.48	0.37	-0.31	0.20	-0.22	-0.06	-0.32	
2994.708635835192
-0.21	0.08	-0.14	0.26	0.45	-0.08	-0.84	-0.66	-0.02	-0.47	1.08	-0.16	0.20	-0.33	-0.09	-0.26	-0.08	-0.56	-0.08	-0.15	-0.49	0.48	-0.04	-0.26	0.03	0.09	-0.19	-1.07	0.22	-0.21	
2997.896344225504
-0.28	-0.21	-0.27	0.06	0.04	0.19	0.15	-0.26	-0.65	-0.15	-0.42	0.07	-0.22	0.22	-0.88	0.20	0.00	0.03	0.35	0.00	0.12	0.08	-0.13	-0.06	0.06	0.01	0.09	-0.16	0.01	0.13	
2996.2901884761204
0.62	-0.08	-0.35	0.17	0.10	0.07	-0.09	0.52	-0.11	-0.11	-1.21	-0.20	-0.01	-0.19	-0.35	0.20	0.01	0.62	0.52	0.02	-0.03	-0.43	0.24	0.23	-0.19	0.29	0.02	0.17	-0.11	-0.18	
2998.443459991421
0.06	0.01	-0.31	-0.08	-0.10	0.52	0.24	-0.22	-0.03	0.10	-0.11	0.13	0.13	0.19	-0.43	-0.00	0.12	-0.05	0.08	-0.14	0.40	-0.38	-0.36	0.01	0.12	0.12	-0.24	0.06	-0.36	-0.31	
2996.8537126420324
0.07	0.15	0.19	0.23	-0.09	0.07	-0.35	0.28	-0.51	0.06	0.33	0.37	0.38	0.10	0.23	0.96	-0.27	0.30	0.85	0.11	0.39	0.02	-0.23	-0.10	-0.09	0.19	0.04	-0.05	0.02	-0.11	
2998.174808278484
-0.41	-0.03	-0.03	0.34	0.06	-0.06	0.09	0.22	-0.32	0.07	-0.25	-0.43	0.04	0.55	0.17	0.47	-0.03	0.21	-0.41	0.22	-0.43	-0.08	-0.05	0.02	0.13	-0.10	0.03	-0.15	-0.26	-0.07	
2996.423887446501
0.12	-0.56	0.17	0.00	-0.36	0.03	-0.22	-0.09	-0.62	0.52	-0.23	-0.00	-0.28	-0.49	0.01	-0.09	0.79	0.23	0.11	0.08	0.03	-0.49	-0.09	-0.20	0.33	-0.82	0.19	-0.03	-0.45	0.08	
2997.378055662509
0.15	-0.14	0.41	0.02	0.09	0.00	0.22	-0.15	0.01	0.47	-0.35	0.38	0.05	-0.43	0.24	-0.21	-0.28	0.07	-0.20	0.03	-0.28	-0.19	-0.09	-0.04	-0.17	0.68	-0.68	-0.12	0.57	-0.11	
2997.7528656312475
-0.01	0.21	-0.18	-0.53	-0.15	-0.02	-0.15	-0.51	-0.09	-0.25	0.44	0.35	-0.09	-0.32	0.18	-0.05	0.30	0.22	0.11	-0.11	-0.03	-0.17	-0.20	0.10	0.09	-0.55	0.08	0.29	0.12	-0.63	
2995.826793707468
-0.36	-0.15	0.15	0.20	-0.21	-0.52	-0.20	-0.16	0.12	0.23	0.41	-0.97	0.17	0.04	0.02	-0.43	-0.15	0.19	0.41	-0.11	-0.32	-0.94	0.25	0.41	-0.29	0.01	0.18	-0.71	-0.33	-0.12	
2996.6480211935427
0.35	-0.07	-0.34	-0.01	-0.30	0.07	0.11	-0.07	-0.55	0.32	0.72	0.42	0.34	-0.08	-0.25	-0.43	0.04	-0.14	-0.31	0.17	-0.19	-0.22	-0.31	0.46	-0.89	-0.01	0.12	-0.26	0.06	0.36	
2997.1802559187895
-0.22	0.77	-0.13	-0.06	0.05	-0.05	0.37	0.01	0.03	0.20	-0.09	-0.02	0.19	0.64	-0.30	0.12	0.04	-0.09	-0.33	0.38	-0.21	0.09	-0.66	-0.15	-0.21	0.75	0.10	0.05	-0.13	-0.09	
2995.481028767353
0.39	0.03	-0.15	-0.90	-0.34	-0.22	-0.32	0.71	0.13	-1.06	0.11	-0.34	-0.05	0.21	-0.45	0.11	-0.62	-0.41	0.23	-0.30	-0.06	0.33	0.12	0.44	-0.20	-0.14	-0.04	-0.38	0.05	-0.08	
2996.655287940715
-0.20	-0.72	0.11	0.13	0.44	0.04	-0.63	0.62	-0.16	0.23	-0.17	-0.45	-0.31	0.45	-0.15	0.28	0.05	0.28	0.02	-0.31	-0.46	0.02	-0.31	-0.25	-0.47	0.34	0.22	-0.14	-0.32	-0.05	
2997.8455600896923
0.15	-0.06	0.15	0.01	-0.36	-0.01	0.22	0.07	-0.00	-0.19	0.80	0.01	-0.26	0.21	-0.25	-0.01	-0.07	0.56	-0.03	0.04	0.37	-0.13	0.05	0.25	0.02	-0.03	-0.54	0.08	0.49	-0.06	
2997.382475338245
-0.11	-0.17	0.15	0.42	0.44	0.03	0.80	0.22	0.07	0.16	-0.11	0.26	0.24	-0.04	0.05	-0.22	-0.34	0.43	-0.17	0.30	0.34	0.50	0.44	0.18	0.18	0.46	-0.00	0.07	-0.03	-0.08	
2998.779351421402
0.08	0.06	-0.28	-0.03	-0.10	-0.14	-0.32	0.19	-0.11	-0.12	0.21	0.39	-0.05	-0.07	-0.45	-0.03	0.16	0.24	0.15	-0.10	0.02	-0.28	0.26	0.43	0.02	-0.27	0.03	-0.09	-0.05	0.05	
2997.9399639969974
0.05	0.17	0.12	-0.26	-0.36	-0.21	0.59	0.02	-0.19	0.02	-0.00	0.00	-0.10	-0.03	0.04	-0.11	0.13	-0.09	0.05	-0.60	0.37	-0.66	-0.19	-0.13	0.09	0.18	0.45	0.10	-0.23	0.21	
2997.1612200783184
-0.30	-0.20	0.11	0.39	0.58	-0.19	0.62	0.17	0.24	0.12	0.27	-0.20	-0.17	-0.58	-0.60	-0.34	-0.33	-0.15	0.16	-0.04	0.01	-0.16	0.14	0.46	-0.14	0.15	-0.30	-0.24	-0.05	0.35	
2996.4018003730703
0.07	-0.56	0.11	0.25	0.13	0.06	0.85	0.23	-0.18	-0.08	0.49	0.21	0.21	0.48	-0.46	0.40	0.52	-0.60	-0.73	-0.03	-0.01	-0.11	-0.21	0.01	-0.25	0.27	0.16	0.24	0.07	0.07	
2996.612449353381
-0.44	0.48	0.03	0.19	0.18	-0.14	-0.27	0.16	-0.03	-0.15	0.45	-0.26	0.28	0.43	-0.64	0.02	0.22	-0.15	0.16	0.81	-0.08	0.23	-0.61	-0.28	0.28	0.10	-0.19	-0.29	0.03	-0.59	
2997.8668147035937
-0.20	0.04	-0.29	0.16	0.00	0.05	0.03	-0.36	-0.54	-0.01	0.04	0.02	-0.23	0.44	0.01	0.20	0.27	-0.21	0.13	0.88	-0.04	0.12	-0.18	0.26	-0.14	-0.23	-0.08	-0.02	0.01	-0.39	
2997.5186573835153
-0.20	-0.11	-0.01	-0.04	1.15	-0.01	-0.15	0.13	-0.06	-0.09	-0.25	0.11	-0.09	-0.32	-0.04	-0.09	-0.08	-0.40	0.03	0.33	0.23	0.10	-0.17	0.18	0.59	0.20	0.04	-0.17	0.13	-0.19	
2997.756893762195
-0.41	-0.15	-0.21	-0.44	0.03	-0.09	0.12	0.27	0.07	0.60	0.21	0.31	-0.13	-0.10	-0.25	-0.02	-0.01	-0.24	-0.02	-0.22	-0.09	0.20	-0.56	0.63	0.29	-0.11	-0.06	0.08	-0.28	-0.24	
2995.3811659917305
0.04	0.30	-0.01	-0.08	-0.07	0.05	-0.10	-0.10	-0.28	-0.19	-0.37	-0.22	0.45	-0.09	0.66	-0.36	-0.02	-0.29	-0.07	-0.37	0.09	-0.07	-0.79	-0.19	1.38	-0.26	0.57	0.45	-0.15	-0.00	
2998.743260751524
0.49	0.19	0.22	-0.16	-0.07	-0.01	-0.03	0.03	0.06	-0.07	0.03	0.42	0.12	0.10	-0.02	0.23	-0.52	-0.23	-0.00	0.10	-0.04	-0.02	0.35	0.03	-0.02	0.17	-0.40	-0.03	-0.04	0.01	
2997.2216081579804
-0.24	0.18	0.71	0.19	0.39	0.22	-0.13	-0.04	0.25	0.00	-0.20	0.39	-0.26	0.16	-0.06	0.16	0.24	0.13	0.06	-0.65	-0.06	-0.29	-0.44	-0.32	-0.33	0.06	-0.49	-0.55	0.05	0.06	
