2933.8580595526314
1.76	-0.23	-0.24	-0.61	2.70	-1.79	2.00	1.17	1.34	-0.47	2.61	1.78	-1.44	-0.55	-0.65	-1.60	1.54	-2.56	-0.22	2.79	0.88	0.56	0.67	-1.43	2.00	-0.15	1.79	0.87	0.98	0.10	
2934.459469392074
-1.82	-1.75	1.50	0.25	1.29	-1.50	1.16	1.17	-0.67	-0.39	-1.10	-0.21	0.42	-2.61	-1.49	-1.62	0.20	0.78	0.17	1.84	2.13	3.45	-2.03	0.15	1.97	0.29	-1.99	1.11	0.98	1.33	
2929.2740555464966
-0.93	3.07	0.98	-0.61	0.46	-0.09	0.39	1.17	-1.10	1.81	2.61	-0.96	1.08	-1.41	-0.10	0.11	1.77	-1.40	3.05	0.50	0.44	-0.26	-0.42	-0.76	2.77	-0.94	-1.87	0.93	-2.99	2.10	
2957.261858479689
-0.49	-0.23	-0.60	-1.02	1.01	-1.45	1.93	-0.53	-0.80	-2.10	-1.54	-0.09	1.08	0.52	1.52	-1.91	-1.96	1.05	0.27	-1.22	0.74	1.38	0.65	0.67	-0.64	0.29	-2.18	-0.79	-1.79	-0.37	
2949.9153490244407
-1.82	-1.68	0.32	0.13	-0.85	0.92	1.72	0.32	0.25	0.97	1.12	1.49	0.48	-1.82	1.95	-0.66	-0.53	-0.08	-0.92	-1.92	1.32	-1.17	0.67	1.92	1.28	-0.86	-2.53	0.87	1.89	-1.33	
2904.1333356295618
1.11	-2.51	-1.06	1.97	-0.85	-3.76	-1.19	3.98	-0.56	0.78	0.38	-0.63	2.09	1.20	1.32	1.90	2.10	-0.60	2.05	-0.13	0.83	-0.84	0.67	1.92	2.00	3.83	-1.38	0.87	0.98	1.33	
2936.3359377622087
-0.98	1.55	-1.63	0.65	-0.85	-1.10	-0.35	-1.30	2.43	-1.27	2.50	1.49	1.96	-1.82	0.96	-0.78	2.02	-1.01	0.54	-2.86	0.31	0.21	1.36	-0.63	2.00	-2.48	0.36	0.87	0.35	1.33	
2960.468991335808
1.98	-0.63	1.32	-0.61	-0.15	-1.19	-0.16	1.17	-0.76	-0.77	-0.03	-0.17	1.08	0.76	1.29	-0.96	-1.01	-2.16	-1.42	0.62	-1.01	-1.86	0.67	-0.25	2.00	1.89	-0.73	-0.54	-1.21	1.33	
2948.0940995055207
-0.16	1.45	-0.13	-0.61	-0.03	-0.74	-1.32	-1.47	-0.38	-1.32	-0.26	1.49	-1.53	-1.82	1.88	-0.49	-2.23	1.22	1.53	-1.71	-1.54	2.06	-0.20	1.64	-1.22	-0.77	0.25	1.13	1.58	2.09	
2943.989619992017
1.92	-1.09	0.17	-0.61	-1.14	1.84	0.95	-1.44	-1.84	0.36	2.61	0.64	1.08	-1.56	-1.99	-1.13	-0.72	2.01	1.22	-0.49	-0.92	2.19	1.54	-1.47	0.59	-0.87	0.30	-1.26	-1.55	1.36	
2957.077896319342
0.93	1.49	0.80	-1.93	-0.07	-2.75	1.13	-1.00	0.46	-0.75	1.33	1.49	-0.64	-0.73	0.93	-1.07	0.56	-1.73	-1.99	-2.51	-0.78	0.53	0.67	0.76	0.57	0.17	-0.17	0.87	0.98	-0.60	
2931.363195500976
-0.04	-1.54	1.20	0.65	-0.85	-0.25	-2.26	-0.73	-3.15	2.81	2.29	0.19	1.08	0.48	-0.96	-1.92	2.17	-0.91	-2.25	0.44	-1.54	-1.56	0.07	-0.25	-2.45	-2.04	-0.26	0.87	-1.34	0.59	
2956.139177419469
0.38	1.55	-1.48	1.71	-2.13	2.03	-0.60	0.42	0.49	-1.60	-1.83	-1.17	1.44	0.38	1.35	-0.96	-0.04	0.22	-1.18	-1.09	-0.15	-0.91	-0.61	0.73	1.42	0.25	2.25	0.87	0.98	-1.11	
2951.650882234727
-0.43	-1.88	-0.11	0.65	0.15	-2.32	-2.92	0.17	-0.40	-1.75	-0.42	-1.06	-0.26	0.79	1.17	0.93	0.02	-1.60	-1.23	-1.97	-1.16	1.22	-1.93	0.18	2.00	0.84	0.09	0.87	0.98	1.33	
2939.326997516194
0.13	-1.23	1.50	-0.61	0.12	1.29	1.45	1.17	-2.26	1.75	-0.08	-3.15	0.16	-0.25	-1.15	0.88	2.51	-1.84	-0.18	2.14	-1.54	-0.92	1.54	0.39	-2.24	-1.71	0.87	1.20	0.84	-0.45	
2912.1444034868414
0.20	0.49	2.42	1.71	-3.17	0.72	0.77	2.57	-1.97	1.92	0.36	-1.68	1.08	-0.19	2.70	3.23	-1.15	-1.85	-0.80	1.37	-2.32	0.54	-0.83	-1.52	-1.29	0.67	1.20	-2.38	-1.72	1.86	
2957.0223081658355
2.30	-0.95	-2.69	0.62	0.05	-1.37	-1.41	0.19	1.38	-2.17	-1.45	0.99	1.08	1.19	-0.96	-1.10	-0.36	-0.31	0.59	0.25	-0.70	-0.79	0.67	0.85	-1.67	-0.42	-0.45	-1.63	0.60	1.33	
2954.7944921738977
0.61	-2.99	-0.91	-0.61	-1.71	0.62	-1.24	1.17	-0.68	2.67	-1.84	0.28	1.08	0.06	-1.96	0.04	0.76	0.79	-0.62	-0.42	-1.54	-1.36	-0.90	-1.71	0.47	0.17	-0.40	-0.39	0.68	1.30	
2905.717686111723
-1.45	-2.51	2.30	0.65	-0.24	-1.10	0.14	-0.21	2.68	-1.55	1.19	1.49	1.62	-1.82	2.54	3.06	-0.73	2.20	1.32	2.15	0.56	-1.16	-0.83	-3.18	2.01	0.67	2.97	-0.29	-1.63	-1.92	
2956.375472069086
1.21	1.55	-1.62	-0.61	2.16	0.04	-0.93	1.17	0.40	-1.07	-1.39	-0.14	1.08	-1.04	0.71	-0.09	-0.25	-1.87	-1.32	-1.24	-0.18	0.13	-0.40	1.92	-1.41	2.73	-0.30	0.87	0.98	1.33	
2939.5768048923064
-2.12	-2.51	-0.46	-0.25	-1.64	0.54	1.94	-1.60	-1.79	1.75	0.88	1.49	-0.59	-1.82	1.95	-0.36	-2.23	-1.01	-1.30	-1.28	-2.29	-0.59	0.67	-1.90	-1.06	-0.21	0.69	0.87	0.98	-0.91	
2931.4163678165446
0.16	-0.18	2.63	-2.71	1.41	0.99	1.95	1.17	-2.51	-0.32	-1.14	1.61	1.08	-1.59	-1.26	0.00	0.94	-1.18	-0.14	-1.05	-1.54	-0.98	1.54	-1.59	2.77	-1.35	1.62	-1.71	1.86	-0.65	
2955.6263633474546
0.90	-0.59	1.83	-0.61	1.20	-1.51	-0.31	0.03	0.48	0.16	-1.34	2.52	1.08	-1.13	2.87	-0.32	0.43	0.99	0.66	-0.96	1.22	1.27	0.67	1.92	0.47	-0.22	-1.62	0.87	-1.13	1.33	
2944.891686563699
-0.11	-0.66	1.46	-0.61	-3.36	-0.11	0.34	1.17	-2.03	1.12	-0.37	-1.16	-1.58	-1.39	1.51	-0.36	-0.08	-0.48	-0.58	-0.45	-2.90	-1.23	1.54	0.36	0.18	1.46	-2.06	0.51	-2.42	0.11	
2929.355451739648
0.66	1.70	-1.87	0.55	0.03	-2.55	-1.70	-1.94	-0.96	-0.29	1.79	-1.77	-0.29	-1.82	0.65	0.93	-2.23	0.42	1.57	-1.45	1.94	-0.09	-3.09	1.21	-3.32	-0.99	-0.88	0.20	1.01	-0.07	
2943.047245876704
-0.58	1.92	-0.26	0.80	-3.17	0.23	-0.73	1.17	1.08	-1.85	2.61	-1.02	1.08	0.79	-0.63	-0.24	-0.65	1.96	0.02	-1.56	0.44	-0.95	0.91	-1.53	2.04	-1.79	-1.17	-0.08	-2.40	0.14	
2938.583072773123
-1.65	-0.51	2.46	0.65	-0.85	-1.08	2.18	-1.62	-1.23	-0.87	-0.23	0.32	1.56	1.97	1.67	-2.71	-1.59	1.47	1.18	-0.05	-1.54	-0.67	1.54	2.62	1.37	-1.01	-0.64	-0.64	0.44	1.32	
2925.183451332521
-2.26	-0.17	0.19	-0.61	1.39	2.15	0.01	1.17	1.36	0.76	-0.83	1.95	-2.31	1.51	-0.70	-2.70	1.01	-0.65	-2.63	-0.40	1.66	1.60	1.54	0.80	0.69	3.49	2.14	0.54	-0.24	-2.14	
2946.1968250939267
0.94	-2.51	1.06	0.65	-0.85	-2.23	-2.09	-0.70	0.43	0.71	1.46	0.92	-0.17	1.02	-1.04	0.94	-0.55	-2.16	1.26	-2.48	0.48	-1.93	0.67	1.92	1.23	-0.62	1.26	0.87	0.98	1.33	
2917.229355738376
-0.27	-0.88	-1.09	-1.14	2.19	-2.82	0.56	1.17	-0.80	-2.18	-1.44	3.23	1.08	1.01	1.48	0.52	-0.64	-2.13	3.58	0.84	0.74	-1.18	1.71	0.72	3.38	-2.31	-0.53	0.62	0.29	1.02	
2955.145557260976
-2.33	1.17	-0.95	-1.93	0.57	-0.56	-0.83	1.17	0.67	0.20	-2.10	0.70	1.47	-1.42	-0.17	1.90	-0.91	-0.64	1.76	1.39	1.88	-0.25	0.67	0.84	0.30	-0.62	1.81	0.87	-0.49	1.33	
2952.8780137913823
-1.11	1.35	1.06	0.65	-0.87	-0.02	-1.32	-2.11	-0.22	0.89	2.93	1.49	1.00	-0.11	-0.52	0.78	-0.02	-1.01	-2.40	-0.81	0.70	0.57	1.60	-1.61	2.00	0.86	-1.41	0.87	0.98	0.38	
2940.7009365950908
0.83	3.07	0.63	0.51	-0.54	-1.52	-1.33	-2.66	-0.54	-0.59	-2.47	-0.69	-0.02	-2.14	-1.00	-1.09	0.42	-1.39	-1.27	-1.10	-1.54	-0.35	-0.32	-2.47	-0.39	0.86	-2.55	-0.78	0.07	-1.22	
2942.609866288204
0.32	0.01	-1.76	-1.99	1.69	0.84	-0.44	0.40	-0.63	-2.03	2.61	-1.66	1.08	-2.16	-0.61	-0.61	0.30	-0.66	1.39	-2.44	-1.54	-2.12	-0.96	0.71	-0.44	-2.14	-0.89	-0.48	-1.68	0.48	
2948.926377443309
0.64	-0.97	-0.17	-0.61	-1.27	1.51	-1.11	-0.79	0.42	-1.77	-0.37	0.81	1.57	-1.55	-1.82	1.90	2.41	-0.78	1.56	-1.63	-2.56	-2.02	0.67	0.40	-0.39	-1.13	0.10	0.87	0.98	1.33	
2943.4441087454716
-0.30	-3.16	2.21	-0.61	1.21	1.54	-0.99	0.27	-1.56	1.89	-1.85	-0.68	-0.24	0.43	2.70	-1.01	-0.05	-0.60	0.97	-0.11	0.37	-0.29	-1.56	1.90	-1.37	-1.09	-1.75	1.05	0.72	1.60	
2935.4515554456248
-2.61	-2.71	1.39	0.67	-0.60	0.06	-0.52	1.17	1.22	0.54	2.61	-1.04	1.08	-2.06	-0.26	0.66	-0.04	-0.69	0.99	2.25	0.98	-0.02	-3.11	-2.47	-2.42	0.67	0.64	-0.29	0.53	-0.16	
2922.210984354893
-0.36	2.76	-2.13	-0.61	1.30	1.36	-0.83	1.17	0.83	1.95	-1.73	-0.69	1.08	1.56	1.58	-3.24	-1.02	-0.77	2.86	-2.58	-1.54	-0.00	1.54	1.22	2.77	-0.34	0.65	1.86	-0.45	0.62	
2914.5610576755976
-3.33	-2.50	0.48	-0.41	-2.10	1.69	0.71	1.91	0.58	0.55	-1.22	-0.85	-1.03	-1.82	0.29	1.90	0.80	-2.16	2.59	-1.13	-2.00	1.86	0.67	1.92	2.00	-1.94	-0.63	2.43	0.98	-2.31	
2954.9986599941035
-0.42	1.34	0.01	-1.92	0.45	-0.65	-1.77	-0.40	0.90	0.46	-2.50	-0.63	-0.10	1.89	-1.10	1.90	2.03	-0.52	1.64	0.46	-0.73	1.06	0.67	1.92	-1.18	-1.04	0.55	0.87	0.98	1.33	
2913.0253638874365
-0.29	1.66	-2.27	-0.49	-0.85	-2.25	1.98	3.21	-1.79	2.55	1.61	1.49	-1.35	-1.82	1.95	1.13	0.60	-1.01	0.83	-2.99	-2.32	-2.02	-1.99	-0.60	0.96	0.67	-1.45	0.51	-1.73	1.59	
2922.2841160084854
1.35	-2.89	0.79	-1.04	1.72	-2.05	1.64	0.59	1.66	-0.90	-2.44	0.58	1.08	1.89	-2.86	-0.43	1.85	1.43	-0.13	0.52	-1.25	2.77	0.69	1.92	2.00	0.72	-2.29	0.87	0.98	-1.44	
2946.3840808478067
-1.36	-0.70	-1.49	-0.61	-0.68	-0.66	-0.28	1.17	-1.38	2.68	-1.80	0.37	-1.67	0.75	0.33	1.10	-0.99	1.05	-1.40	0.31	-1.54	0.25	1.54	-2.62	-2.76	-1.11	-1.19	0.32	-1.10	1.33	
2920.742491664039
-2.53	-3.00	0.67	-0.80	-0.85	-0.87	-2.66	0.35	-1.79	-0.98	3.00	1.49	-0.43	-1.82	1.95	0.27	1.47	-1.01	-2.08	1.12	1.74	0.36	1.54	0.12	2.77	-0.77	-1.27	-2.49	-0.42	-0.90	
2926.3683938236154
-1.41	-0.59	1.26	-2.06	1.01	-0.82	-2.66	1.17	-1.17	0.11	2.22	-0.45	-3.10	-0.97	2.70	3.23	0.42	2.12	0.75	0.84	-1.10	-1.22	0.67	0.43	2.00	-1.87	-1.12	0.87	0.98	-0.89	
2953.759015373612
0.41	-0.99	-1.25	-0.04	-1.32	-0.96	-1.36	1.17	-1.39	-1.55	0.92	0.96	1.08	0.59	1.57	1.90	1.38	-2.16	-1.70	-0.86	-0.03	-0.12	0.67	1.92	1.12	1.58	-1.75	0.87	0.98	1.01	
2941.3358009380954
-1.31	-0.95	-2.69	0.62	-2.43	-1.37	-0.23	1.58	0.06	-0.65	-0.63	1.84	-1.46	1.89	-1.41	1.90	-1.16	-2.16	0.82	1.65	-1.20	-0.81	0.67	-1.17	2.00	1.32	0.09	0.87	0.98	1.33	
2937.694016562075
-0.13	2.32	-1.58	-1.18	-2.32	-0.70	0.34	-0.01	-0.63	-0.56	0.31	2.01	1.08	-1.75	-0.73	0.20	2.23	1.22	-0.46	-1.00	2.62	1.41	-0.28	1.92	1.14	2.41	2.39	0.87	-1.31	1.33	
2935.8752867179956
0.65	-0.73	1.46	0.65	0.59	0.34	1.80	-2.98	-0.75	-1.35	-0.68	1.49	-1.76	-1.82	1.95	1.48	3.34	1.88	0.78	0.29	0.35	-1.04	2.14	0.23	1.16	1.62	-1.27	-0.29	0.06	-1.92	
2956.3934175304016
2.43	0.48	-2.02	-0.61	0.10	2.89	0.24	1.17	0.27	-0.98	0.80	0.07	0.76	-0.00	-0.34	1.09	-1.08	-1.16	1.19	-1.34	1.32	-0.48	1.54	1.41	0.54	0.81	-0.70	0.18	0.37	2.44	
